2645
7364
2023
5209
3419
5634
217
1737
47
84532
54600
226
80201
6652
4190
55753
7167
2271
5236
5631
130589
441531
54490
5372
50
29925
8790
10720
2821
29926
3939
669
223
9563
5315
7363
8801
5211
10327
54659
131
5161
3945
5213
127
27294
22934
9942
501
84076
57818
729020
25796
9104
221
3101
54577
54578
7367
8802
26330
7264
6120
4191
5091
3421
5160
5226
5232
5106
130
6390
79799
5214
574537
1738
51084
7358
51181
8803
54575
7366
6888
5162
57016
54657
55902
92579
7365
48
231
4967
7360
54576
229
8277
9562
3417
2203
2990
100529063
7086
23646
528
4790
2641
387082
80308
8515
387893
6502
9489
79339
58985
9922
6124
3624
10965
3710
5139
131405
5425
10667
5610
3735
7476
80343
79623
3071
222537
474382
54429
3280
130367
403239
84274
9248
4513
2560
407036
6570
1589
407032
10413
4507
493
6643
7407
1468
137970
23308
23624
116255
51
260293
27235
6037
80146
920
115111
3360
259296
5431
9125
9320
1519
11185
1355
5586
5872
3821
6199
4005
26301
4535
223117
9709
51208
5371
622
954
2817
113451
23521
5283
55558
219493
390648
51601
29929
1577
9133
81285
30815
1230
1656
1609
8704
100533467
55586
30001
3467
10607
8676
7468
3726
26232
2266
23401
8973
5837
2147
51701
22938
10673
90673
2313
64127
8891
26063
6431
6340
9377
5535
5893
10542
6772
168620
9815
29920
2650
1956
2874
1394
3251
340980
51729
3690
2876
384
2696
5284
5746
7070
57619
7477
3732
292
113026
4995
64960
51166
23542
10380
375790
56983
55304
116983
10666
57122
1770
84957
403257
79868
162998
51692
64098
23475
81490
8797
7161
63970
6374
23295
5308
8985
22854
353
10714
154810
10297
3691
5713
913
10092
5393
2686
8821
50807
7248
4707
9241
119695
283459
2783
5608
8875
353514
285203
5319
2122
3020
22978
219869
23632
390162
8626
6564
5547
55048
4514
26290
9040
9021
219927
554213
80896
7832
79993
55766
100528030
4635
10207
55904
8531
10914
4508
8383
440093
4158
347468
51091
5141
4973
57134
81099
51366
10352
815
10392
55613
1241
3354
80267
1854
11036
1337
8707
7321
3081
727
440689
6401
2629
2998
9063
3426
5330
3645
2258
2324
55191
5256
102724594
406952
6347
2947
722
2770
6452
11221
3313
4853
121129
9479
9536
1553
2527
3423
9394
199746
1311
10478
230
9249
171568
1601
390877
3574
1855
10291
5970
442184
58191
