x
10327
124
125
126
127
128
130
130589
131
160287
1737
1738
2023
2026
2027
217
218
219
220
2203
221
222
223
224
226
229
230
2538
2597
26330
2645
2821
3098
3099
3101
3939
3945
3948
441531
501
5105
5106
5160
5161
5162
5211
5213
5214
5223
5224
5230
5232
5236
5313
5315
55276
55902
57818
669
7167
80201
83440
84532
8789
92483
92579
9562
1431
1743
2271
3417
3418
3419
3420
3421
4190
4191
47
48
4967
50
5091
55753
6389
6390
6391
6392
8801
8802
8803
221823
22934
2539
25796
414328
51071
5226
5631
5634
6120
64080
6888
7086
729020
8277
84076
9104
9563
10720
10941
231
27294
2990
51084
51181
54490
54575
54576
54577
54578
54579
54600
54657
54658
54659
57016
574537
6652
7358
7360
7363
7364
7365
7366
7367
79799
9365
9942
197258
2762
29925
29926
3795
4351
5207
5208
5209
5210
5372
5373
55556
57103
7264
8790
2548
2582
2584
2592
2595
2683
2717
2720
3906
3938
6476
8704
8972
55586
2180
2181
2182
2194
23205
23305
27349
31
32
51703
54995
55301
81616
10449
10965
11332
122970
1892
201562
3030
3032
3033
401494
51102
51144
51495
54898
5538
60481
641371
64834
6785
79071
79993
83401
9200
9374
9524
10455
126129
1374
1375
1376
1579
1632
1962
2639
284541
30
33
34
35
36
37
38
39
51
8310
3155
3157
3158
5019
54511
56898
622
64064
1056
10682
10826
120227
1591
1594
1595
1717
1718
2222
3988
4047
50814
51478
6307
6309
6646
6713
7108
8435
10005
10858
10998
1109
1581
1582
1593
23600
3295
51302
570
6342
6718
80270
8309
9023
9420
10229
154807
1728
2677
27235
3242
51004
51805
6898
79001
84274
100861540
1312
1543
1544
1545
1551
1571
1576
1577
1583
1584
1585
1586
1588
1589
1645
1646
3283
3284
3290
3291
3292
3293
3294
412
6715
6716
6783
6820
7923
79644
8630
8644
100532726
10063
10312
10476
10632
10975
125965
126328
127124
1327
1329
1337
1339
1340
1345
1346
1347
1349
1350
1351
1352
1353
1355
1537
155066
170712
23545
245972
245973
27068
27089
29796
341947
374291
440567
4508
4509
4512
4513
4514
4519
4535
4536
4537
4538
4539
4540
4541
4694
4695
4696
4697
4698
4700
4701
4702
4704
4705
4706
4707
4708
4709
4710
4711
4712
4713
4714
4715
4716
4717
4718
4719
4720
4722
4723
4724
4725
4726
4728
4729
4731
479
495
496
498
506
50617
509
51079
513
51382
514
515
516
51606
517
518
521
522
523
525
526
527
528
529
533
534
535
537
539
54539
5464
55967
56901
64077
7381
7384
7385
7386
7388
84701
8992
90423
9114
9167
9296
9377
9550
9551
100
100526794
101060521
10201
102157402
10606
10621
10622
10623
107
10714
108
10846
109
111
11128
11164
112
113
114
115
115024
122481
122622
124583
131870
132
158
158067
159
1633
171568
1716
196883
203
204
205
221264
221830
2272
22875
22978
23649
246721
25885
2618
26289
270
271
27115
272
2766
2977
2982
2983
2984
2986
2987
29922
3000
30833
30834
318
3251
353
3614
3615
3704
374659
377841
390877
471
4830
4831
4832
4833
4860
4881
4882
4907
50484
50808
50940
51082
51251
51292
5136
5137
5138
5139
5140
5141
5142
5143
5144
5145
5146
5147
5148
5149
5150
5151
5152
5153
5158
5167
5169
51728
51816
5198
53343
54107
5422
5424
5425
5426
5427
5430
5431
5432
5433
5434
5435
5436
5437
5438
5439
5440
5441
5471
548644
5557
5558
55703
55718
55811
55821
56655
56953
56985
57804
58497
6240
6241
64425
646625
654364
661
7498
8382
84172
84265
84284
84618
8622
8654
87178
8833
9060
9061
93034
953
9533
954
955
956
957
9583
9615
10
1548
9
10587
114112
129607
139596
1503
151531
1635
1723
1806
1807
1841
1854
1890
51727
51733
54963
56474
7083
7084
7296
7298
7371
7372
7378
790
79077
83549
978
1373
18
189
2346
2571
2572
259307
2673
27165
2744
2746
2747
2752
2805
2806
284716
2875
339983
435
440
443
445
56954
57494
64902
7915
84706
8528
8659
9945
102724560
10993
113675
132158
1491
1610
1757
211
212
23464
2593
26227
2628
2653
27232
2731
275
29958
29968
314
4128
4129
51268
55349
5723
635
63826
6470
6472
8639
875
9380
1036
10768
1786
1788
1789
191
23382
262
27430
4143
4144
4357
4507
4548
51074
55256
58478
6611
6723
7263
84245
11112
1629
197322
26275
27034
3028
316
3712
4329
4594
5095
5096
549
56922
586
587
593
594
64087
65985
84693
51166
10157
10919
123688
23067
23127
29072
387893
4297
51111
5351
5352
54904
55217
55870
55904
58508
6419
64324
6839
7468
79709
79723
79813
79823
8085
80854
83852
8424
84444
84787
85007
8985
9739
9757
9869
102724788
112483
112817
112849
113451
1152
1158
1159
1160
26
283208
29920
383
384
4842
4843
4846
4942
4953
5033
51056
54498
548596
55748
5625
57571
5831
5832
58510
6303
65263
79814
84735
8974
10841
131669
144193
1644
3034
3067
3176
1621
1638
2184
2954
3081
4282
5409
7054
7173
7299
7306
81889
10249
5053
11185
121278
125061
130013
15
169355
23498
3620
438
56267
6999
7166
847
8564
883
8942
23417
339896
124975
2678
2686
2687
51380
84890
118672
22928
22929
4141
51091
51540
92935
57733
119391
221357
257202
26873
2729
2730
2876
2877
2878
2879
2880
2882
290
2936
2937
2938
2939
2940
2941
2944
2946
2947
2948
2949
2950
2952
2953
373156
4257
4258
4259
493869
51060
653689
79017
9446
11181
178
2632
276
277
278
279
280
283209
2997
2998
5834
5836
5837
80146
10195
10905
11253
11282
11320
144245
146664
152586
1603
1650
1798
199857
201595
22845
23193
2530
25834
29880
29929
3703
4121
4122
4124
4245
4247
4248
4249
440138
54344
56052
57134
57171
6184
6185
6480
7841
79053
79087
79796
79868
7991
84620
84920
85365
8703
8813
8818
10825
129807
175
23324
2517
2519
2629
284004
3073
3074
4123
4125
4126
4758
4759
57704
64772
100528030
11226
11227
114805
117248
168391
192134
2589
2590
2591
26290
2650
29071
374378
442117
50614
51301
51809
55568
55808
56913
57452
63917
64409
6482
6483
79623
79695
8693
9245
9334
10585
10690
135152
145173
23275
23509
2526
2529
27087
283464
285203
29954
3955
4242
55624
56983
5986
6487
727936
8473
8705
9486
10007
10020
1118
132789
140838
1727
27159
51005
51167
51700
51706
5238
54187
55577
55907
5973
606495
64841
6675
80896
91373
10855
138050
23553
2588
2799
3373
3423
3425
411
4669
60495
6448
6677
8372
8692
10090
11285
113189
126792
166012
22856
26229
29940
337876
50515
51363
54480
55454
55501
55790
56548
64131
64132
79586
9469
10164
10678
11041
4166
8534
8702
93010
9435
2131
2132
2134
2135
2137
222537
26035
266722
3340
64579
8509
90161
9348
9394
9653
9953
9955
9956
9957
10554
10555
11343
116255
119548
129642
137964
139189
150763
154141
1606
1607
1608
160851
1609
23175
253558
26007
2710
2712
346606
3990
4023
5406
5407
5408
55326
55750
56894
56895
57104
57678
64900
80168
80339
84649
84803
8513
8525
8526
8527
8611
8612
8613
8694
9162
9388
9663
10423
113026
138429
200576
23007
23236
23396
253430
27124
3612
3613
3628
3631
3632
3633
3635
3636
3705
3706
3707
4534
4952
51196
51477
51763
5286
5287
5288
5289
5290
5291
5293
5294
5297
5298
5305
5330
5331
5332
5333
5335
5336
54928
55300
55361
55613
56623
5728
64419
64768
79837
80271
8394
8395
8396
84812
8776
8821
8867
8871
8897
8898
89869
9107
9108
9110
9651
10026
128869
23556
2822
284098
51227
51604
5277
5279
5281
5283
54872
54965
55650
80055
80235
84720
84992
8733
9091
93183
94005
9487
9488
100137049
10162
10390
1040
10400
10434
10908
1103
11145
1119
1120
11313
122618
123745
151056
162466
23171
23646
23659
23761
254531
255189
26279
2819
2820
283748
30814
375775
391013
3931
43
50487
5130
5319
5320
5321
5322
5337
5338
54675
54947
55224
55500
56261
56994
5833
64600
64850
6901
79143
79888
81490
81579
8398
8399
8443
84647
85465
8605
8681
8760
9468
9489
9791
9926
133121
255043
5048
5049
5050
5051
5168
7368
7941
8540
9514
10728
11283
113612
127281
1555
1557
1558
1559
1573
2053
239
240
242
246
247
27306
4048
4051
4056
5730
5740
5742
5743
6916
80142
8529
873
874
9536
9415
10558
10715
123099
125981
130367
166929
204219
2531
253782
2581
259230
29956
339221
340485
410
427
55304
55331
55512
55627
56624
56848
64781
6609
6610
7357
79603
81537
8560
8877
8879
91012
9331
9517
10317
10331
10402
2523
2524
2525
2527
2528
2651
28
6484
6489
79369
84002
8707
8708
26301
4668
53947
8706
256435
2583
27090
29906
30815
81849
8869
9197
10873
134526
197257
2739
3029
4199
4200
84264
97
98
283871
51179
54363
81888
55862
79611
116285
123876
341392
348158
54988
6296
79944
100528021
10588
10797
10840
123263
160428
1719
200895
25902
441024
4522
4524
27010
79178
9054
55312
645
80308
493911
55163
57026
8566
10135
133686
23057
23475
23530
27231
349565
4837
54981
55191
64802
65220
683
83594
93100
952
53354
55229
60490
60496
79646
79717
80025
80347
8875
8876
3141
686
11019
387787
51601
2356
248
249
250
251
2643
4337
4338
5805
5860
6697
8836
10170
10901
145226
1562
157506
158835
1592
195814
216
29785
317749
340665
50700
51109
53630
54884
56603
5959
6121
728635
8228
8608
8854
9227
9249
124454
1356
1371
2058
210
2235
2395
3052
3145
3162
3163
326625
5498
644
7389
7390
9843
10269
10654
116150
2224
2339
2342
23463
23590
3156
3422
4597
4598
51449
57107
79947
91734
9453
9986
11238
23632
377677
759
760
761
762
763
765
766
767
768
771
10380
23474
54205
58472
6821
10056
10352
10667
123283
16
1615
2193
23395
23438
25973
2617
283459
3035
3376
3735
4511
4553
4555
4556
4558
4563
4564
4565
4566
4567
4568
4569
4570
4571
4572
4573
4574
4575
4576
4577
4578
4579
4677
51067
51520
5188
54938
55157
55278
55699
57038
57176
57505
5859
5917
6301
6897
7407
7453
79587
79731
80222
833
8565
1553
1565
1572
2052
22977
6822
8574
2326
2327
2328
2329
2330
1066
7172
8824
3992
55825
6319
79966
10057
10058
10060
10257
10347
10349
10350
10351
1080
11194
1244
154664
19
20
21
215
22
225
23456
23457
23460
23461
24
26154
340273
368
4363
5243
5244
5825
5826
64137
64240
64241
6833
6890
6891
85320
8647
8714
89845
94160
9429
9619
100288562
10171
101929601
101929627
101930111
10199
10248
10436
10482
10528
10556
10557
10607
10775
10799
10813
10885
10940
134430
138716
1457
1459
1460
166378
1736
2091
22803
23160
23195
23560
25996
26354
26851
27341
28987
29102
29107
29889
3692
4549
4550
4809
4931
51068
51077
51096
51119
51367
51602
54433
54464
54552
54913
55127
55131
55226
55272
55341
55505
55651
55781
55813
55916
55998
56000
56001
57455
5822
5901
6023
643802
65083
6949
728343
7514
780851
780852
780853
79631
81691
83732
84128
84135
84916
92856
9724
9790
100529097
100529239
101929876
102724828
10573
11222
11224
124995
140032
140801
200916
2197
219927
23521
25873
28998
29074
29088
29093
3921
4736
51021
51023
51065
51069
51073
51081
51116
51121
51187
51263
51264
51318
51373
54460
54948
55052
55168
55173
6122
6123
6124
6125
6128
6129
6130
6132
6133
6134
6135
6136
6137
6138
6139
6141
6142
6143
6144
6146
6147
6150
6152
6154
6155
6156
6157
6158
6159
6160
6161
6164
6165
6166
6167
6168
6169
6170
6171
6173
6175
6176
6181
6182
6183
6187
6188
6189
6191
6192
6193
6194
6201
6202
6203
6204
6205
6206
6207
6208
6209
6210
6217
6218
6222
6223
6224
6227
6228
6229
6230
6231
6232
6233
6234
6235
63875
63931
64928
64960
64963
64965
64968
64969
64979
64981
64983
65003
65005
65008
7311
79590
9045
9349
9553
9801
100101267
10073
10189
101929087
10209
10250
10284
10289
10419
10460
10605
10762
10921
11097
11102
11171
11218
11260
1207
129401
132430
140886
1915
1917
1964
1965
1967
1968
1973
1974
1975
1977
1978
1979
1981
1982
1983
22794
22916
22985
23165
23191
23225
23279
2332
23511
23636
253314
25929
26019
26827
26986
26999
285190
340529
348995
3646
3837
387082
400966
4116
4686
4927
4928
5042
50628
51095
51808
53371
5411
54960
55110
55520
55706
55746
57122
57187
57510
5903
5905
59343
5976
60528
6396
645974
65109
65110
653489
6606
6607
6612
6613
7175
727851
728689
729857
7329
7341
79023
7919
79228
79760
79833
79897
79902
80145
8021
80336
8086
8087
81929
84220
84305
84321
8480
8487
8563
8637
8661
8662
8663
8664
8665
8666
8667
8668
8669
8672
8761
8890
8891
8892
8893
8894
9086
91181
94026
9470
9513
9631
9669
96764
9688
9775
9818
9883
9939
9972
9984
100529063
10767
10898
10914
10978
11051
11052
124540
1477
1478
1479
2107
23049
23283
23293
23381
23708
26528
28227
29101
2935
29894
390748
4440
51585
51692
53918
53981
5499
5500
5501
55012
5515
5516
5518
5519
5520
5521
5522
5523
5525
5526
5527
5528
5529
55339
55844
56903
64895
79869
80335
8106
81608
8189
8731
8732
9887
10140
10200
10438
10766
10950
11044
11157
11340
115752
118460
1656
167227
170506
196513
219988
22894
23016
23019
23404
23517
23644
23658
246175
255967
25804
25904
27257
27258
28960
29883
3313
3329
4848
4849
4850
5073
51010
51013
51690
51691
5393
5394
54512
54766
55802
56915
57472
57819
64282
6499
694
7832
80153
80349
84186
9125
9337
9652
9924
1022
10629
11036
129685
138474
2068
2071
27097
2957
2958
2959
2960
2961
2962
2963
2965
2966
2967
2968
2969
387332
404672
4331
51616
54457
6872
6873
6874
6875
6877
6878
6879
6880
6881
6882
6883
6884
6908
728340
730394
8148
83860
902
9519
9569
10535
1763
2237
246243
29935
3978
4171
4172
4173
4174
4175
4176
5111
5981
5982
5983
5984
5985
6117
6118
6119
6742
79621
84153
100534599
10084
10262
102724594
10285
10286
10291
10450
10465
10523
10569
10594
10713
10772
10907
10915
10929
10946
10992
11017
11325
11338
139804
144983
151903
153527
1655
1659
1665
199746
220988
22827
22938
23020
23350
23450
23451
24148
25766
25949
26121
27288
27316
27339
29896
3178
3183
3190
3192
3303
3304
3305
3306
3310
3312
4670
494115
5093
51340
51362
51503
51639
51645
51729
5356
55119
55660
55696
56259
56949
57461
58517
6100
6426
6427
6428
6429
6430
6431
6432
6434
6625
6626
6627
6628
6629
6631
6632
6633
6634
6635
6636
6637
7307
8175
83443
8449
84844
84950
84991
8559
8683
8896
9092
9128
9129
9343
9410
9416
9716
9785
9879
988
10197
10213
122706
143471
23198
3458
51371
5682
5683
5684
5685
5686
5687
5688
5689
5690
5691
5692
5693
5694
5695
5696
5698
5699
5700
5701
5702
5704
5705
5706
5707
5708
5709
5710
5713
5714
5717
5718
5719
5720
5721
7979
9491
9861
10952
11231
196294
23478
23480
28972
29927
3309
5018
55176
58477
60559
6726
6727
6728
6729
6730
6731
6734
7095
83943
90701
9789
10062
10580
10999
11001
116519
1622
2167
2168
2169
2170
2171
2172
2173
28965
335
336
345
3611
364
376497
4312
4973
51129
5170
5346
5360
5465
5467
5468
6256
6257
6258
7316
7350
9370
948
10038
10039
142
143
23583
252969
27301
27343
3146
328
3980
4350
4595
4913
4968
5423
55247
6996
7374
7515
79661
8930
100533467
1069
1161
1642
1643
2067
2072
2073
2074
5886
5887
7507
7508
8450
8451
9978
27030
2956
4292
4436
4437
5395
9156
10111
146956
25788
4361
4683
50511
5888
5889
5890
5892
5893
641
675
7156
7516
7517
80198
8438
8940
1791
2547
27434
3981
5591
64421
7518
7520
79840
11201
116028
197342
201254
2175
2176
2177
2178
2187
2188
2189
22909
29089
3280
353497
378708
51426
51455
5429
545
548593
55120
55215
57599
57697
5980
672
7398
79008
79728
80010
80233
83990
84126
84464
91442
9894
10000
100506012
10125
10235
10368
10369
10454
10746
10912
11184
11221
1147
115727
1326
1386
1398
1399
1432
1616
1647
1649
1843
1844
1845
1846
1847
1848
1849
1850
1852
1950
1956
2002
2005
207
208
2122
2246
2247
2248
2249
2250
2251
2252
2253
2254
2255
2256
2257
2258
2259
2260
2261
2263
2264
22800
22808
23118
2316
23162
2317
2318
2353
23542
25780
26281
26291
27006
27091
27092
27330
2768
2872
2885
3164
3265
3315
355
3551
3552
3553
3554
356
3725
3727
3845
3925
408
409
4137
4149
4208
4214
4215
4216
4217
4296
4342
4609
4616
468
4763
4772
4775
4790
4791
4803
4893
4908
4909
4914
4915
5058
5062
51295
51347
5154
5155
5156
5159
51701
51776
5494
5495
5530
5532
5533
5534
5535
5536
5566
5567
5568
5578
5579
55799
5582
5594
5595
55970
5598
5599
5600
5601
5602
5603
5604
5605
5606
5607
5608
5609
57551
5778
5801
5871
5879
5880
5881
5894
5906
5908
5921
5922
5923
5924
59283
59284
59285
5970
5971
6195
6196
6197
6237
627
6300
6416
6654
6655
6722
673
6788
6789
6885
7040
7042
7043
7046
7048
7124
7132
7157
7186
7189
773
774
775
776
777
778
7786
779
781
782
783
784
785
7850
786
7867
8074
80824
836
84867
8491
8517
8550
8569
8649
8817
8822
8823
8911
8912
8913
8986
9020
9064
9175
9252
9254
9261
929
9344
93589
9448
9479
9693
994
9965
998
1026
1027
10298
10718
145957
1839
2064
2065
2066
2069
23533
23624
2475
25
2549
25759
27
2932
3084
369
374
399694
4690
5063
5295
5296
53358
56924
57144
572
5747
6198
6199
6464
6714
6776
6777
685
7039
815
816
817
818
8440
8503
867
868
9542
10105
10800
1128
1129
1131
1133
1139
135
136
146
147
148
153
154
155
163688
1812
1816
185
1909
1910
2149
2185
22953
2767
2769
2774
2776
2778
2902
2903
2905
2906
291
2911
2915
292
2925
293
3269
3274
3356
3357
3358
3360
3361
3362
3363
340156
3708
3709
3710
3973
4638
487
488
489
490
491
492
4923
493
5021
5023
5024
5025
5026
5027
51806
5255
5256
5257
5260
5261
5350
552
553
56413
57105
5724
5731
5733
5737
57620
623
624
6261
6262
6263
6543
6546
6547
6786
6865
6869
6870
6915
7125
7134
7201
7416
7417
7419
801
80228
805
808
810
814
83447
84876
85366
886
887
9127
91807
93129
9630
10344
10563
10663
10673
10803
10850
10913
11009
115650
116379
1230
1232
1233
1234
1235
1236
1237
1270
1271
1435
1436
1437
1438
1439
1440
1441
1489
149233
1524
163702
1896
2056
2057
2277
2321
2322
2323
2324
23495
23529
23765
268
2688
2689
269
2690
27190
27242
2826
282616
282617
282618
2829
2833
2919
2920
2921
29949
3082
338376
3439
3440
3441
3442
3443
3444
3445
3446
3447
3448
3449
3451
3452
3454
3455
3456
3459
3460
3467
3556
3558
3559
3560
3561
3562
3563
3565
3566
3567
3568
3569
3570
3572
3574
3575
3576
3577
3578
3579
3581
3586
3587
3588
3589
3590
3592
3593
3594
3595
3596
3597
3600
3601
3604
3605
3606
3624
3625
3626
3627
3791
3815
388372
3952
3953
3976
3977
4049
4050
4055
414062
4233
4254
4283
4352
4804
4982
5008
50604
50615
50616
51330
51561
5196
5197
53832
53833
5473
55504
55540
55801
56034
5617
5618
56477
56832
57007
58191
58985
59067
60401
608
6346
6347
6348
6349
6351
6352
6354
6355
6356
6357
6358
6359
6360
6361
6362
6363
6364
6366
6367
6368
6369
6370
6372
6373
6374
6375
6376
6387
64109
643
64806
650
655
657
658
659
6846
7066
7133
7292
729230
7293
7422
7423
7424
7852
80301
8200
83729
84957
85480
8600
8718
8740
8741
8742
8743
8744
8764
8771
8784
8792
8793
8794
8795
8797
8807
8809
8995
90
91
9180
92
93
939
943
944
9547
9560
958
959
970
9966
10451
10681
131890
156
157
1794
2268
2309
2770
2771
2773
2782
2783
2784
2785
2786
2787
2788
2790
2791
2792
2793
2868
2869
2870
2931
3055
3702
3717
3718
387
4067
4792
4793
51764
54331
5580
5590
56288
57580
5829
59345
6011
6093
653361
6772
6773
6774
7074
7409
7410
7454
8976
94235
9475
9564
9844
10892
114609
148022
23085
23586
23643
257397
27040
29760
329
330
331
3383
353376
3654
3929
3932
4615
472
51135
51588
5328
55367
5588
596
597
598
6850
695
7099
7128
7185
7187
7188
7412
7535
7706
84433
8717
8737
8837
8915
112398
112399
1387
1536
1906
2033
27035
284
285
3091
3479
3480
3630
3643
405
4878
50508
5054
51378
5163
54583
6513
6921
6923
7010
7018
7037
7076
7428
8453
117283
23262
51447
55529
90809
9677
9807
100996758
10161
10203
10316
1081
10886
10888
11255
1132
1134
1135
1136
1137
1138
1140
1141
1142
1143
1144
1145
1146
116443
116444
117
122042
1241
1268
1269
134
134860
134864
1394
1395
140
1442
1443
150
151
1511
152
165829
1813
1814
1815
186
187
1901
1902
1903
200959
2147
2150
2151
23566
2357
2358
2359
23620
2488
2492
2550
2554
2555
2556
2557
2558
2559
2560
2561
2562
2563
2564
2565
2566
2567
2568
2569
2570
2587
2642
2692
2693
2696
27334
2740
2741
2742
2743
2798
2831
2832
2834
2837
2846
2847
2859
2862
286530
2890
2891
2892
2893
2894
2895
2897
2898
2899
2900
2901
2904
2908
2912
2913
2914
2916
2917
2918
3001
3061
3062
319100
3350
3351
3352
3354
3355
339403
3972
4142
4157
4158
4159
4160
4161
4543
4544
4829
4886
4887
4889
4985
4986
4987
4988
5028
5029
5030
5031
5032
51289
5340
53637
53829
554
5540
55584
55879
5644
5645
5646
56923
57053
5729
5732
5734
5739
5745
5746
59340
59350
6344
64106
6751
6752
6753
6754
6755
680
706
7067
7068
719
7252
7253
728
7433
7434
7442
799
8001
83551
84539
84634
8484
8698
8811
8973
9002
9038
9170
9248
9287
9294
9340
9568
9934
1017
1019
1021
10274
1028
1029
1030
1031
1032
10393
10459
10735
10744
10926
10971
1111
11200
1869
1870
1871
1874
1875
23594
23595
246184
25847
27127
2810
29882
29945
3065
3066
4085
4087
4088
4089
4193
494551
4998
4999
5000
5001
51343
51433
51434
51529
5347
5885
5925
5933
5934
595
64682
6500
6502
699
701
7027
7029
7272
7465
7529
7531
7532
7533
7534
7709
8243
8317
8318
8379
8454
85417
8555
8556
8697
8881
890
8900
891
894
896
898
9088
9126
9133
9134
9184
9232
9700
983
990
991
993
995
996
10734
132864
151648
22849
23291
245711
26271
286151
367
387778
5241
64506
6790
80315
8945
9748
9985
143686
25898
27113
27244
317
3486
3732
4194
51246
51512
5268
5366
55240
56475
575
581
637
63970
64065
64326
64393
6477
7057
7161
7249
83667
841
842
8493
900
901
9538
9540
10054
10055
10075
10273
10277
10401
10477
11059
11060
11065
112401
118424
134111
140739
148581
22888
22954
23221
23295
23327
23759
26091
26232
26259
26272
27338
3093
326
378884
389898
4281
4591
4734
5071
51366
51465
51619
5371
54926
55070
55236
55284
55294
55585
55958
57154
57448
63893
64750
65264
7317
7318
7319
7320
7321
7322
7323
7324
7325
7326
7327
7328
7332
7334
7337
79444
8065
83737
84447
8452
8554
8651
8916
8924
8925
89910
9021
90293
9039
9040
9063
9246
92912
9320
9354
9616
9690
9817
9820
9886
997
27304
348180
55687
81605
90353
10228
10282
10490
10652
10791
112755
143187
2054
415117
51272
53407
55014
55850
662
6804
6809
6810
6811
6843
6844
6845
8417
8673
8674
8675
8676
8677
8773
9341
9342
9482
9527
9554
9570
10533
11337
11345
115201
22863
23192
23710
25989
30849
55054
5562
5563
64422
83734
8408
84938
84971
8678
89849
9140
9474
9706
9776
100506742
10113
10130
10134
102724652
10294
10299
10427
10483
10484
10525
10802
10808
10956
10960
10961
10970
1388
1409
1410
143630
2081
22824
22872
22926
23471
23640
23645
258010
25956
26270
267
27102
27248
285126
2923
29978
29979
30001
3300
3301
3320
3326
3337
3998
4287
440275
4780
5034
50613
51009
51128
51360
51726
54431
54788
55432
55666
55741
55757
55768
55829
5589
55968
5610
5611
56605
56681
56886
56893
573
578
6048
6238
6400
64215
64374
6745
6746
6747
6748
7184
7353
7415
7466
7494
79139
79748
80267
80331
80343
80700
811
81567
821
823
824
85479
8720
91319
91445
92552
9373
9451
9532
9601
9632
9695
9709
9871
10053
10239
10577
10717
1075
10947
11154
1174
1176
1200
1201
1203
1211
1212
1213
130340
1497
1508
1509
1510
1512
1513
1514
1515
1519
1520
1521
1522
162
164
1777
22901
23062
23163
23431
256471
26088
26503
26985
27074
2760
285362
3482
3916
3920
4074
4864
4891
51172
53
54
5476
55353
5641
5660
57192
58511
6272
6556
768239
7805
79158
8120
8218
84572
8546
8722
8763
8905
8906
8907
8943
9179
9476
950
9516
967
968
9741
10015
100287171
100526767
10092
10093
10094
10095
10109
10193
10254
10552
10564
10565
10617
10890
10938
11021
11031
11267
112936
11311
116983
116984
116985
116986
116987
116988
1173
1175
118813
128866
137492
147179
155382
160
1601
161
163
1759
1785
2060
22841
22905
23096
23111
23325
23362
2348
2350
2352
23527
23550
253725
254122
25978
26052
26056
26119
26286
27128
27131
27183
27243
273
274
28964
29082
29924
29934
30011
30844
30845
30846
3105
3106
3107
3133
3134
3135
375
377
3798
3799
3800
381
382
387680
390243
3949
4218
440073
50807
50855
51019
51028
51100
51160
51324
51510
51534
51652
51699
55040
55048
55616
55737
55738
5584
5662
56904
57132
57403
58513
58533
5867
5868
5869
5878
5979
60682
64145
64411
6455
6456
6457
64744
6642
6643
7251
7456
7879
79643
79720
80223
80230
8027
81873
829
830
832
8411
84249
84313
84364
84440
84552
84612
857
858
859
8723
8724
8729
8766
8853
89853
9101
9135
9146
91782
9230
92421
9265
9266
9267
93343
93661
9372
9525
9559
9727
9744
9765
9798
9815
9829
9897
9922
10332
10333
10376
10381
10382
10383
11151
112714
113457
1311
1535
1778
1780
1781
1783
203068
2204
2209
2212
2213
2214
2215
22925
23673
30835
3108
3109
3111
3112
3113
3115
3117
3118
3119
3122
3123
3125
3126
3127
338382
347688
347733
3673
3678
3684
3685
3688
3689
3690
3693
4153
4353
4360
4481
4688
4689
51143
51807
60
6441
64581
653509
7058
7059
7060
7097
71
715
718
7277
7278
7280
729238
7846
78989
79659
79861
81027
81035
83547
84617
84790
8685
9103
949
9902
10478
11264
1384
1891
196743
255027
25824
26061
26063
283927
390916
4358
5052
51555
5189
5190
5191
5192
5193
5194
5195
5264
54677
55670
55711
5824
5827
5828
5830
6647
6648
84188
84769
8504
8799
8800
92960
9409
10325
10670
253260
3667
51719
54541
57521
58528
6009
64121
64223
6794
7248
81617
84335
92335
10018
100533105
10110
10319
10488
1101
11140
117145
118788
1277
1278
1280
1281
1282
1284
1285
1286
1287
1288
1289
1290
1291
1292
1293
1301
1302
131873
1385
148327
1942
1943
1944
1945
1946
1969
200186
22798
22801
23035
23239
2335
23678
255631
256076
284217
29941
3371
3381
3655
3672
3674
3675
3676
3679
3680
3691
3694
3695
3696
3716
3908
3909
3910
3911
3912
3913
3914
3915
3918
4170
4515
4602
50509
5228
5585
5586
5649
57121
63923
6446
64764
6696
7143
7148
7448
7450
80310
8115
84699
8515
8516
85301
90993
930
9586
9623
11213
1676
1677
2021
3656
5573
5575
5576
5577
839
840
843
8772
9131
10479
23439
4624
4625
4633
4634
4635
476
477
478
480
481
482
483
486
6548
70
7137
7139
7168
7169
7170
7171
10242
10266
10267
10268
10335
10398
10672
140465
157855
23365
27094
27345
3778
3779
4629
4637
4659
4660
54776
5581
5583
5592
59
72
800
9138
94274
9826
10023
102800317
10297
11197
11211
122011
144165
1452
1454
1487
1488
1499
166336
1855
1856
1857
2239
22943
23002
23401
23500
2535
25805
27101
27121
27123
27130
324
4040
4041
4316
4773
4776
50964
51176
51384
5176
54361
5663
56998
57216
57680
6422
6423
6424
6425
64321
64840
6907
6932
6934
7471
7472
7473
7474
7475
7476
7477
7478
7479
7480
7481
7482
7483
7484
7855
79718
7976
80319
80326
8061
81029
81839
8312
8313
8321
8322
8323
8324
8325
8326
83439
85407
85409
8607
89780
90665
9350
143689
2113
2114
2120
440822
4851
4853
4854
4855
51513
55124
56776
56907
84501
9271
10683
11317
113878
151636
171558
182
1840
196403
23220
23385
2648
28514
3516
3714
388585
51107
54567
55534
55851
5664
6868
83464
84441
8650
8850
9253
9541
9612
9794
1453
1455
1456
2619
27148
2735
2736
2737
3549
4036
50846
51684
51715
53944
5727
64399
6469
652
6608
7546
8643
100532736
10468
10637
130399
151449
1634
3397
3398
3399
3400
353500
392255
4052
4086
4090
4091
4092
4093
4681
4838
5308
60436
653
654
656
6667
7044
7050
8646
9241
10154
1020
10371
10500
10501
10505
10507
10509
10512
1072
1073
137970
1630
1808
1947
1948
1949
2041
2042
2043
2044
2045
2046
2047
2048
2049
2050
2051
219699
223117
2242
22854
22885
23380
23654
2534
25791
27289
285220
29984
3897
3983
3984
3985
4917
5361
5362
5364
5365
54437
54910
55558
56896
56920
57522
57556
57689
57715
59277
5998
6091
6092
6405
64101
64218
64221
6585
6586
7869
80031
84448
84628
8482
8633
8829
90249
9037
9353
9423
9723
9901
9047
10288
10326
10379
10859
10990
11006
11024
11025
11026
11027
126014
140885
1540
2274
2354
23547
2355
353514
3726
3937
4286
54209
55423
6688
7006
7297
7305
79168
8878
9846
10207
10413
11186
122786
126374
1490
1495
1496
154796
166824
1739
174
1740
1741
1742
23286
23418
23513
25937
26524
286204
29119
332
3993
3996
4771
55233
60485
64398
6591
6657
7003
7004
7005
7159
79981
8463
84962
8994
9113
92597
999
103910
10627
1729
1793
2889
2909
29780
29895
394
4636
55742
58498
64098
7094
7408
7414
7791
81
83660
87
88
89
93408
1605
22987
2811
2812
2814
2815
3161
3339
375790
51206
6382
6385
960
961
9899
9900
1000
1001
100132463
1002
1003
100506658
1013
10666
10686
1272
1364
1365
1366
137075
1462
1493
149461
201633
214
22871
23114
23308
23562
23705
24146
257194
25945
26047
26285
2734
29126
29851
3384
3385
3683
4099
4267
4359
4684
4685
4756
4897
49861
5010
50848
51208
5133
5175
53842
54413
57502
57555
57863
5788
5792
5797
5817
5818
5819
58494
6383
6401
6402
6403
6404
644672
6614
6693
6900
7122
79679
80380
80381
8174
83700
8506
9019
9071
9073
9074
9075
9076
9080
90952
914
920
923
925
926
933
9369
9378
9379
940
94030
941
942
947
965
9672
10163
10458
10810
117178
1500
2241
4008
4301
52
5770
5777
5787
5795
6615
7082
7525
81607
8826
8936
9855
11336
134549
150084
154810
2017
2035
2036
2037
22989
23136
260425
27134
3059
357
4619
4620
4621
4622
4626
4627
4628
57477
57530
57619
57644
5865
5872
60412
6709
79784
8531
8573
8735
8777
9218
9223
92359
93643
9414
9863
2697
5593
57369
10747
1361
1378
1380
1604
1675
2
2152
2153
2155
2157
2158
2159
2160
2161
2162
2165
2243
2244
2266
3053
3075
3426
3818
3827
4179
462
5104
5265
5327
5329
5345
5624
5627
5648
629
7035
7056
710
712
713
714
716
717
720
721
722
725
727
729
730
731
732
733
735
966
100132285
10437
115653
3308
3802
3803
3804
3805
3806
3808
3809
3810
3811
3812
3821
3822
3823
3824
4261
4800
4801
4802
567
57292
5993
5994
6892
8302
8625
972
10159
116512
1215
1359
1636
183
2028
3816
3817
4012
4311
5547
5550
57486
59272
5972
7064
29110
3661
3663
3665
51284
51311
54106
54472
7096
7098
7100
9641
10392
10910
114548
22861
22900
260434
29108
4210
4671
55914
58484
59082
64127
64170
7205
834
838
84674
8767
9051
10010
1654
340061
5300
54941
55593
57506
64135
64343
79132
79671
80143
9636
9755
103
11035
11277
115004
81030
90865
9447
1154
122809
2273
2670
30837
3598
5292
53342
5771
5781
6775
6778
8835
9306
9466
9655
100133941
2208
2993
909
910
911
912
913
915
916
917
921
924
928
931
945
951
100507436
100528032
10870
117157
135250
154064
2207
22914
259197
3002
353091
4068
4277
51744
5551
6452
79465
80328
80329
919
9436
9437
962
4794
9402
27071
8519
971
973
974
975
2205
2206
2934
4082
4651
65108
85477
10059
1051
192111
197259
4314
4318
4323
602
9530
10411
11069
399
4313
4478
6494
7070
7294
7430
83593
5284
57379
1407
1408
26224
406
4862
51422
5187
53632
5564
5565
5571
6095
6096
6097
79365
8553
8863
8864
9572
9575
2775
3760
3762
3763
3765
51655
9722
5502
10497
10814
10815
140679
22999
23025
246213
339302
440279
4905
57030
57084
5864
594855
6570
6571
6572
6616
6812
6857
8775
10019
10603
10782
10818
11108
25970
27018
396
397
398
4145
4916
57498
9500
2166
221955
222236
57406
747
10991
22941
50944
54407
6505
6506
6507
6511
6512
7220
81539
85358
9229
9454
9455
9456
3759
3761
3768
3770
3784
3785
3786
56479
60482
9132
170572
200909
260293
285242
3359
351
3751
3781
6532
9177
10243
5334
57468
6529
6538
6540
66008
9001
92745
50632
6323
6531
84152
10842
1392
2781
102723532
10798
1179
119678
119679
119682
119687
119692
119694
119695
119749
119764
119765
119772
119774
120065
120066
120586
120775
120776
120787
120793
120796
121129
121130
121275
121364
122740
122742
122748
124538
1258
125958
125962
125963
1261
1262
126370
126541
127059
127062
127064
127066
127068
127069
127074
127077
127385
127623
128360
128366
128367
128368
128371
128372
130075
134083
135924
135941
135946
135948
138799
138802
138803
138804
138805
138881
138882
138883
143496
143502
143503
144124
144125
150681
158131
162998
196335
219417
219428
219429
219431
219432
219436
219437
219438
219447
219453
219464
219469
219473
219477
219479
219482
219484
219487
219493
219858
219865
219869
219870
219873
219874
219875
219952
219954
219956
219957
219958
219959
219960
219965
219968
219981
219982
219983
219986
22802
23538
254783
254786
254879
254973
255725
256144
256148
256892
26188
26189
26211
26212
26219
26245
26246
26248
26333
26338
26339
26341
26476
26492
26493
26494
26496
26529
26531
26532
26533
26534
26538
26539
26595
26648
26658
26659
26664
26682
26683
26686
26689
26692
26693
26696
26707
26716
26735
26737
26740
282763
282770
282775
283092
283093
283111
283159
283160
283162
283189
283297
283365
283694
284383
284433
284521
284532
285659
286362
286365
2978
2979
338662
338674
338675
338751
338755
340980
341152
341276
341416
341418
341568
341799
343169
343171
343172
343173
343406
343563
346517
346525
346528
347168
347169
347468
387748
389090
390036
390037
390038
390054
390058
390059
390061
390063
390064
390066
390067
390072
390075
390077
390078
390079
390081
390083
390084
390093
390113
390142
390144
390148
390151
390152
390154
390155
390157
390162
390167
390168
390174
390181
390190
390191
390195
390197
390199
390201
390260
390261
390264
390265
390271
390275
390321
390323
390326
390327
390429
390431
390433
390436
390437
390439
390442
390445
390538
390648
390649
390882
390883
390892
391107
391109
391112
391114
391189
391190
391191
391192
391194
391195
391196
391211
392138
392309
392376
392390
392391
392392
393046
401427
401665
401666
401667
401992
401993
401994
402135
402317
403239
403253
403257
403273
403277
403278
403282
403284
440153
441308
441608
441639
441669
441670
441911
441933
442184
442186
442191
442194
442361
4991
4992
4993
4994
4995
504189
504190
504191
5132
56656
729759
79290
79295
79310
79317
7932
79324
79339
79345
79473
79501
79541
79544
81050
81061
81099
81127
81168
81282
81285
81300
81309
81318
81327
81328
81341
81392
81399
81442
81448
81466
81469
81470
81472
81696
81697
81797
8383
8386
8387
8388
8390
8392
8590
9626
9635
259285
259286
259287
259289
259290
259291
259292
259293
259294
259295
259296
29850
338398
346562
353164
3745
40
50831
50832
50833
50834
50835
50836
50837
50838
50839
50840
54429
5726
6337
6338
6340
80834
80835
83756
1259
2779
2780
5957
6010
6295
8787
9187
10152
10787
10788
128239
1730
2245
3071
345456
3645
3681
3682
3687
375189
50649
5216
5217
54434
54961
55740
55845
5962
7114
81624
85464
8874
89846
9087
9459
10211
10891
2308
2319
23265
23433
3991
5506
5507
5509
6517
6720
79660
8471
8660
89801
90673
9322
116
139760
2641
2695
27445
2864
3651
3767
3780
3782
3783
54795
6514
9699
2796
2797
2661
6770
9210
2099
2100
2288
2289
2852
434
5443
1447
2001
3659
389434
405753
432
433
50506
5172
6528
7038
7270
7849
8458
10645
181
4852
51094
79602
84254
389692
1050
22877
51085
6945
1363
3382
5798
5799
168620
222546
2494
3087
3110
3170
3171
3172
3174
3175
3375
4760
4821
4825
50674
5078
5080
6927
6928
3758
4306
53828
9351
56302
7421
793
10540
10671
140735
1639
359
360
361
51164
51626
551
84516
8655
1468
358
6550
8671
10723
1188
6521
1469
1470
1471
1472
1473
1755
3346
3347
362
4025
4069
4589
54831
5542
55503
5554
5555
6522
653247
6558
6779
727897
820
115111
2520
3766
3772
3773
3776
389015
54207
6750
9992
10136
1357
1358
1360
1504
1506
1811
219931
23436
51032
5874
63036
9545
2542
6518
6523
10008
11136
117247
1294
1297
1298
1299
1300
1303
1305
1306
1308
169044
1803
2006
206358
23428
340024
3769
4224
4225
5222
643834
643847
6510
6519
6520
6564
7373
7512
80781
81578
8645
9056
1208
29881
337
338
4547
10599
10864
123264
200931
28234
338821
343
366
57552
57835
6554
6555
6579
6580
8431
9376
9971
10560
113235
113278
25974
2694
55788
5948
6573
6948
8029
80704
8884
9963
10568
115019
1181
1317
140803
2495
2512
261729
26872
30061
4489
4490
4493
4494
4495
4496
4499
4501
4502
475
538
54822
55630
65010
7779
795
79901
102
23621
25825
322
3416
348
4035
6622
8851
8883
11315
120892
27429
2861
5413
65018
7314
7345
9627
10452
4741
4744
4747
5630
57679
84134
9973
10126
127602
146754
1767
1768
1769
1770
196385
201625
23186
25942
25981
27019
3064
3092
4899
55081
55567
56171
5978
64446
7019
7052
7802
83544
8632
8701
10963
1958
5621
26086
5173
23237
23411
10013
10014
121504
126961
128312
158983
2030
221613
255626
286436
3012
3013
3014
3015
3017
3018
3020
3021
317772
333932
440093
440689
474381
474382
51564
554313
55506
5569
55766
55869
653604
723790
79885
8290
8294
8329
8330
8331
8332
8334
8335
8336
8337
8338
8339
8340
8341
8342
8343
8344
8345
8346
8347
8348
8349
8350
8351
8352
8353
8354
8355
8356
8357
8358
8359
8360
8361
8362
8363
8364
8365
8366
8367
8368
8369
8370
83740
83933
8520
85235
85236
8841
8968
8969
8970
92815
94239
9555
9734
9759
10801
124404
1731
23157
23176
23607
26084
391
4735
55752
55964
63916
79658
79767
10945
11014
11015
4583
1445
5803
3875
4691
9181
147700
23207
3831
64837
89953
3394
1195
1937
23786
3297
5861
664
81876
3039
3040
3043
3250
8542
2532
2994
2995
3820
345611
1992
5055
5269
5272
5273
5275
6317
6318
1828
3858
1054
1263
26253
4046
8844
3434
439996
4938
4939
4940
6041
10542
1959
1960
10399
1796
4599
51209
6504
9367
10625
11100
3267
3836
3838
5045
56649
7113
84000
91543
10524
1390
23373
2874
4487
4488
4603
4605
466
467
55697
5902
64784
6929
7015
7538
8295
8498
94241
10445
112950
1936
25833
29915
29992
29997
3054
3150
5199
6672
6732
708
7874
26993
27044
3316
5757
7431
10342
10928
1163
1164
1612
1613
2034
23604
26060
354
3728
4824
57449
5898
5899
5900
5914
5915
613
7704
8030
8031
861
862
9618
9915
100532731
1025
1053
1668
1991
2078
2115
2118
2119
2130
2138
221037
2313
2521
26471
30012
3195
3205
3206
3207
3248
4005
4066
4094
4211
4221
4291
4298
4299
4300
4613
5077
5079
5081
5087
5090
51274
51804
5218
54738
55204
5546
55589
5966
604
64083
64332
648
6495
6692
6756
6757
6760
6935
7030
7102
727837
7403
7404
7490
79058
8013
8091
8464
85414
860
8842
8861
8938
904
905
9611
1108
23352
28973
3249
9093
445329
64816
6799
6817
6818
117581
2719
27250
2817
286
287
288
3236
3481
4060
406902
406903
406991
7023
7078
7291
79923
84309
100302238
100302282
100500809
100616173
10253
10642
113130
131405
2146
23405
23414
27086
406881
406882
406883
406884
406885
406886
406887
406888
406889
406890
406891
406892
406893
406894
406895
406896
406900
406901
406904
406905
406906
406907
406908
406909
406910
406911
406912
406913
406915
406916
406917
406918
406922
406923
406925
406926
406928
406933
406935
406937
406938
406942
406943
406947
406948
406949
406950
406951
406952
406953
406954
406955
406956
406957
406959
406967
406969
406970
406971
406976
406977
406978
406979
406980
406981
406982
406983
406984
406985
406986
406988
406989
406992
406995
406996
406997
407006
407007
407008
407009
407010
407011
407014
407015
407016
407017
407018
407019
407020
407021
407024
407025
407026
407029
407030
407031
407032
407033
407034
407035
407036
407040
407041
407042
407043
407044
407045
407046
407047
407048
407049
407051
407053
407055
4325
442890
442891
442898
442900
442902
442903
442904
442909
442910
442918
494324
494335
554213
574031
574411
574452
574455
574457
574467
574476
574484
574493
599
619552
6541
6624
6659
6768
693187
693200
693210
8434
8626
90427
9493
9839
201163
7380
11040
238
27436
5553
6037
8288
112744
2625
30009
50943
6737
6738
6741
3543
5896
5897
1674
1756
2010
4000
4607
6442
6443
6444
6445
7273
1824
1829
1832
5318
1525
