2645
7364
2023
5209
3419
5634
217
1737
47
84532
54600
226
80201
6652
4190
55753
7167
2271
5236
5631
130589
441531
54490
5372
50
29925
8790
10720
2821
29926
3939
669
223
9563
5315
7363
8801
5211
10327
54659
131
5161
3945
5213
127
27294
22934
9942
501
84076
57818
729020
25796
9104
221
3101
54577
54578
7367
8802
26330
7264
6120
4191
5091
3421
5160
5226
5232
5106
130
6390
79799
5214
574537
1738
51084
7358
51181
8803
54575
7366
6888
5162
57016
54657
55902
92579
7365
48
231
4967
7360
54576
229
8277
9562
3417
2203
2990
