Gene	exp1	exp2	exp3	exp4	exp5	exp6
"1267591"	-1.54808357315689	-1.18691806542929	2.35151053308802	0.476906635842644	0.049165398985392	0.875849734227757
"1269965"	-1.00759211922549	-1.00606503953389	-0.767781990969761	-1.92840560563926	0.870458782175801	1.02581011366221
"1269986"	-0.132119525878239	0.352433968397968	0.336434864260408	1.59874984862944	-0.271485856951235	1.73866303577786
"1269993"	2.69460163105526	4.02226251097592	2.51437626754999	-1.85972090072964	1.34687043551695	-2.77852046589069
"1270247"	2.39552563322978	1.50331948656205	-2.94694974862208	0.762614944488867	-0.268498902470277	0.944035343341049
"1270511"	-1.87280321119797	2.42216936321617	1.26371008436202	0.585440181157471	2.93711705753254	-0.236548046900481
"1270539"	-0.155036471136468	3.05264112488286	-1.68157891373499	-2.19758909154728	-3.90567456411794	-0.997887340786965
"1271371"	-0.0980099266856511	2.01583331421595	0.982832393478	-1.29875532481305	1.68686421593176	-0.961015072683677
"1271421"	1.05712081481186	-1.09143849935541	-0.536100149688988	-1.04721892927283	0.661811738055049	0.87888168518396
"1271543"	0.198292160105042	-2.30784963238107	-4.22335167762515	-2.76600493611715	0.872156728113133	0.17642188055019
"1271608"	-5.71105133492442	-1.88451828387036	1.69297530753279	-4.90174519498789	-0.162230138742575	-0.31916792151013
"1271658"	-4.84113313661119	1.51821703992425	-1.91109956356907	0.370419385518392	-1.29273592739767	-2.07907163143521
"1271873"	-4.05877296174746	2.47528420611383	0.274675325583512	-0.416947015924542	-0.865265174586326	-2.98552730080906
"1271961"	-0.025904309319104	0.918548932150289	-0.779830858975007	-0.822732128467805	-1.57689520679824	-0.807303636955243
"1272077"	-0.301246297258246	-4.15866939842517	2.33851395068744	1.05325052265948	-0.278578534268549	0.360913206523643
"1272484"	-2.97619676274127	-0.955719105364675	0.994628069020489	-0.257054405723854	3.75729347791752	1.70320358619146
"1272582"	1.05230135635113	-0.462504907095591	0.642368101105743	0.548065719490238	-2.9820383077774	-0.678331784741468
"1273568"	-1.55825104196741	-0.45791788979476	2.63220537674975	1.31815782513502	-2.94624203969116	1.71718823207565
"1273588"	0.889167577324497	-1.33602373097372	-0.170413120648969	0.141481135000453	4.08823593734697	-2.89341671031797
"1273796"	1.01772222137076	0.185711633649127	-0.00587629385245663	2.02874581269544	0.659875532274293	0.919498566036131
"1273901"	1.20680258017647	-0.651150884493133	0.0800682870080667	1.64527787667543	0.605601297126943	-1.82174258686376
"1273997"	1.22105109667703	-1.17040724566084	-1.64370184177064	2.83882016129952	0.951791242837875	1.61946460425531
"1274294"	4.23397827720884	-1.72646475681673	-3.65207962467636	1.20257977036383	-0.619114847189472	1.71239344049748
"1274316"	0.300419024422225	2.53581126037821	-0.871370245492207	0.985398854195234	0.499691469566569	-1.95812205350263
"1274537"	4.41295578104044	-0.567562563169014	0.790188088309856	3.13529508652757	-1.86983594115515	0.0729919463539643
"1274732"	-0.152808382209699	1.31479046633838	-0.244009915626365	0.451935471211256	1.64008716802424	-0.124269909653612
"1274917"	-1.84964949123928	0.361445131732559	-0.358970799189294	-2.36711741641885	-0.357925021984283	2.98929424493557
"1274977"	-0.0982565613814277	0.780960834345067	1.54014912710733	-0.628522884112915	2.74460853584595	-0.263494322286056
"1275630"	1.9806445707988	2.32690842989805	-3.29291114302716	1.39196785250597	-1.21161506561573	-1.55375145159433
"1275777"	0.553091076220211	-3.8060319524112	-0.949378969128378	5.05646158666547	0.0807570690957939	-0.886067069088693
"1275917"	-0.825702657457851	1.91265978173576	-1.04936834349493	-2.14266427433451	1.83914571815805	-0.481112454257713
"1275918"	0.461390914647228	1.54554187928015	0.744370103585204	-0.81609421461259	2.31513762797342	-0.403546567331897
"1276540"	0.749620591359178	-0.105837507687044	4.56432384268719	0.373224864035411	-0.524337912165918	4.27699353219025
"1276589"	-1.74612283795271	0.538119591240683	-0.409251824381739	0.153607812213888	1.2184069867223	-0.295113178917811
"1276613"	-0.281505137566724	0.683614417036788	3.55811045650066	-0.958468023882159	4.05074584381391	-1.16190591240265
"1276614"	-3.22159188303051	3.6444642267795	3.29342461712113	-1.90421128742546	0.558337372217722	7.01795379187647
"1276738"	-1.26179913414356	2.83464633779226	-2.95424557120874	1.53382361965169	1.78184885160986	2.51545671269317
"1276999"	1.49798142446775	1.49354346429806	1.15192345812698	-0.886065924558484	2.12548982744174	0.753127935657556
"1277476"	2.32317023076597	-0.558410437456047	-0.572063755060433	0.0484586449222873	-1.70479548919994	-0.298821927799593
"1277585"	-1.61144606113658	2.07450820515857	3.21258592305722	0.313241499673357	-1.57640524571377	-0.31162922925159
"1277607"	1.36936790451895	4.48315794072251	0.394333033519839	-0.375889331714263	0.272700624194432	0.479340544235517
"1277629"	1.2587723408258	-1.29804422513846	-1.51189163612656	1.50472832673516	1.69547026267748	2.70655835106527
"1277804"	2.05367986446486	1.84570165768217	-1.57144217668174	-1.29220866069854	1.44810595545585	-0.238047519947106
"1277811"	2.49007053937772	1.49809292687456	-0.878491214235529	0.286613110416187	1.090277922094	0.175278518106311
"1278148"	-0.0118373906628307	-1.41856328193837	0.196670328607565	-0.0582632450844801	-1.66769146062846	1.64335105911889
"1278527"	0.54858041373977	-1.73278912345603	-1.04435251398598	1.37805342724355	-3.18071759021469	0.990905064675683
"1278625"	0.088275674024058	0.731724314553765	2.88074319545228	-0.0055238176157299	1.23980515829238	-0.347430292826822
"1278788"	1.2014701483581	2.95235058213155	0.013382289970913	1.32816963857401	0.798707235544954	2.37610382180391
"1278871"	-1.0947096784054	-1.93718846439649	0.549200518872088	0.235212722014081	0.717452929122759	-0.875871794466488
"1279000"	-0.793355732412545	1.22969653784418	2.52598336957916	-0.718560471607729	-0.160743676116385	1.29671941691146
"1279021"	-0.855943907027342	3.44149801331253	0.575011139624436	3.15881664723949	-1.76624144776922	1.00037262579265
"1279496"	2.79054011718173	1.40587212129246	-1.31897035925524	-0.660741484169332	1.91715843230323	-4.69906543808792
"1279577"	0.096155483209395	0.136871648367065	-2.95776154916648	-2.39294111326496	1.33599458609633	0.662388840806921
"1279619"	1.97526520811133	-1.15743906398442	-0.639396069846232	0.142683472341875	-1.55617025903681	-1.15169746785757
"1279653"	1.57774733223095	-2.35540117849289	1.01452296521235	-2.69547477856628	0.936213869818363	-3.75064685578997
"1279877"	-0.784794767661282	-0.265270110241961	0.0527995123889153	-0.890551491760213	-0.731260765384216	-0.372339866637348
"1280168"	1.35594178297901	-0.436413883606901	1.891981710643	3.16248243954742	2.19106428010934	1.20029220320939
"1280228"	0.916054195708878	0.136920077001894	1.12639177651477	-0.888880243347381	2.29747883139676	2.01041454230796
"1280299"	1.9218463628711	0.126770289459002	1.04991796111418	0.190960735176594	-2.60054077208007	-1.98682788583971
"1280317"	1.98699635138203	-0.346790945090639	0.0889231004556915	2.67270932112893	1.07018475504461	0.474621965967962
"1280555"	2.31484052837439	-0.727396546701985	-0.514093817794261	-0.717701872128998	0.842491982745937	1.25958657884824
"1280588"	1.73293947941058	0.892391311594319	1.11097446422885	0.698069038418193	-0.175030896686753	1.50362257998177
"1280696"	-2.25166501039458	-1.85320695605648	-2.31798867557429	2.38668012133176	0.221085270697038	0.082974972438662
"1280879"	-1.34459467841742	2.59411017026217	1.88092727863224	2.08310403910983	0.602004193092003	-2.25874175977161
"1281078"	0.554853441532436	-0.409234190626093	0.476851646384881	1.11772012024717	-0.333161636110488	0.538100883268534
"1281195"	0.442632074294521	1.40653239541769	-2.232139220467	-2.88014298371288	0.651752466576991	1.29141625407034
"1281372"	0.444439408265157	0.451238210535591	2.0986735995457	1.72474966982207	-0.468011026251992	0.205694754320022
"1281573"	1.34091292206479	0.71650069241361	-0.226264383849204	0.741263602949657	0.665167346518199	-1.54783364079153
"1281943"	1.88489629527928	-3.02296774275571	3.69169098702558	0.642064532443573	-3.56191641391102	2.19642440712844
"1281951"	1.16699780751435	1.38460286008583	-0.513952554449952	1.4068432377541	2.34148764457813	1.79252507103461
"3290417"	2.17494041213186	-0.856537368947967	0.203131008219151	-3.25066674225903	2.15441240960746	-0.012578281242945
"3290489"	-1.93120123974629	0.465784344258592	-0.497507495882871	1.99307066463176	0.695560238804945	-0.928420029421252
"3291022"	1.24529899890429	2.14304073075745	1.68230978307676	2.14602562852982	0.245167025542493	1.87860332920004
"3292561"	1.58437594225335	-1.21111844366056	-1.38802897219977	-1.39448531157583	-1.04063725538485	1.8026690276084
"4576191"	-4.24351982440708	-0.406022282703812	-0.386917223687627	1.54374380082609	0.249336305716318	-0.462769535843269
