Gene	exp1	exp2	exp3	exp4	exp5	exp6
"1267591"	-1.54808357315689	-1.18691806542929	2.35151053308802	0.476906635842644	0.049165398985392	0.875849734227757
"1269185"	-1.11325187121913	-1.30656594289785	-4.33970818410042	0.183260049911805	0.360989490394666	0.56073915175369
"1269297"	1.28345870219008	-2.65894871439297	1.87479288492252	1.77865123912786	0.52961076005705	-0.363386440140232
"1269328"	-0.761088434777851	-0.096225761674094	0.000631705084698064	-0.400481204094095	-0.0240090373807424	-1.02315459055135
"1269521"	-0.939430093438055	-1.40322751111704	-2.09236825305095	0.589489338628675	1.33473604482976	0.548429302845138
"1269596"	-2.35337305726633	-0.959617961359316	0.248587769996882	-2.14850709097762	-3.11653964698467	-2.5101871732981
"1269950"	-4.64754957690772	1.97084960305463	0.0162601631919901	-1.97417383755033	4.01424193131692	1.14760017694199
"1269965"	-1.00759211922549	-1.00606503953389	-0.767781990969761	-1.92840560563926	0.870458782175801	1.02581011366221
"1269986"	-0.132119525878239	0.352433968397968	0.336434864260408	1.59874984862944	-0.271485856951235	1.73866303577786
"1270247"	2.39552563322978	1.50331948656205	-2.94694974862208	0.762614944488867	-0.268498902470277	0.944035343341049
"1270392"	-1.78358976718883	1.99922562714856	0.100489431500513	2.70748348541718	0.939034177643798	2.73599902185575
"1270539"	-0.155036471136468	3.05264112488286	-1.68157891373499	-2.19758909154728	-3.90567456411794	-0.997887340786965
"1270793"	-1.08783055863856	3.90452287839736	3.17132549998431	3.96232046119529	-2.32898726411918	5.13630376407358
"1270820"	-0.859103237673238	1.0439279612873	-2.01842224886293	-0.637066643357413	-1.23588555309046	1.29942626461957
"1271227"	0.791902700990599	-0.560529306493924	0.519280612888263	0.12572975005285	-2.8098094926342	1.07456806655093
"1271371"	-0.0980099266856511	2.01583331421595	0.982832393478	-1.29875532481305	1.68686421593176	-0.961015072683677
"1271643"	0.793600497811606	11.257821192696	-4.31160125409624	1.47436229369755	-3.22338441550031	0.733052025126653
"1271829"	2.88486997537025	-2.08040666078253	1.62314325282814	-0.134315544901889	0.725952861658613	0.47706535403688
"1271873"	-4.05877296174746	2.47528420611383	0.274675325583512	-0.416947015924542	-0.865265174586326	-2.98552730080906
"1271978"	3.55640684246148	-2.0385814562356	-2.4573501376447	-0.885821327418596	1.36782397968792	1.33098516644502
"1271986"	0.062592977853825	1.5221123760185	2.0074292564526	-0.218391399175827	-1.18426771050415	0.77934962921204
"1272022"	-0.138346253671711	-0.076403439276723	0.19575823090551	1.99138298835755	0.185475751185035	0.117950727790071
"1272025"	2.49551118281368	-4.57753825243189	0.135187074249666	1.67951123844887	-5.59698144048748	3.61559581507275
"1272084"	-2.75551086440879	-2.01482156321215	-1.91856567033705	-2.32474659869765	-3.21262742984452	-0.976705055576443
"1272085"	0.0109635537178745	6.12767381262637	2.67379284122816	-2.0368823381891	1.30990272751813	0.913303058487803
"1272181"	2.00489167226305	-2.98481347335851	-2.68985075272187	-2.39873761016064	1.58361789997263	-2.10741040459616
"1272318"	0.72146193009658	0.942893989138143	-0.715508381808975	0.827116526804777	3.34194586425486	-2.55307208314651
"1272484"	-2.97619676274127	-0.955719105364675	0.994628069020489	-0.257054405723854	3.75729347791752	1.70320358619146
"1272602"	2.34737966885081	0.783334567554904	1.22997540819938	-0.0944133473598897	2.24817082626571	0.585664248017098
"1272781"	1.5105186292714	4.47609716453587	-5.69659271621008	2.02381242506344	2.66979605978606	-0.693885556214506
"1272957"	0.831590680351683	3.88449367826737	-2.81911488259719	-1.82676914302451	-1.94438210521131	-2.04550038758117
"1273035"	-4.09550077100989	-2.0897443400683	1.9582961067724	2.67656723696737	-5.23235071926275	1.6902126211281
"1273568"	-1.55825104196741	-0.45791788979476	2.63220537674975	1.31815782513502	-2.94624203969116	1.71718823207565
"1273584"	-0.285753039563735	0.604954281017638	-1.91777223973773	-1.33040546268803	-0.445900981889017	-1.12260361466293
"1273588"	0.889167577324497	-1.33602373097372	-0.170413120648969	0.141481135000453	4.08823593734697	-2.89341671031797
"1273901"	1.20680258017647	-0.651150884493133	0.0800682870080667	1.64527787667543	0.605601297126943	-1.82174258686376
"1273943"	-1.71544518231534	-1.23013063006673	0.955468464030165	1.07292288397094	0.496167272817219	2.05510777278425
"1274294"	4.23397827720884	-1.72646475681673	-3.65207962467636	1.20257977036383	-0.619114847189472	1.71239344049748
"1274316"	0.300419024422225	2.53581126037821	-0.871370245492207	0.985398854195234	0.499691469566569	-1.95812205350263
"1274458"	0.993294450199776	1.33945154103468	-2.82396324468594	2.92181804746468	-0.829477547940339	0.909150816539731
"1274537"	4.41295578104044	-0.567562563169014	0.790188088309856	3.13529508652757	-1.86983594115515	0.0729919463539643
"1274647"	1.17400790127594	0.807689026056131	-2.79178824609421	2.30842153714133	0.457262763278461	0.4895703458638
"1274705"	1.10268181584178	-0.0965906759508211	3.24355554701285	-0.079103076546729	1.97880217795433	-3.57467071057336
"1274732"	-0.152808382209699	1.31479046633838	-0.244009915626365	0.451935471211256	1.64008716802424	-0.124269909653612
"1274840"	1.99919952407859	-0.079328538874769	1.53195950309245	1.55069959689353	0.686299292505811	3.74647713699314
"1275069"	0.798448997944855	-0.801885762777251	4.43565050386875	-1.96303149391582	0.947348013661944	-4.65456964868519
"1275495"	0.830498227632866	-0.0200247337822739	2.16622561017328	1.4028139090565	1.76732582513298	1.91701277604829
"1275535"	-1.2821947318489	0.012720316031715	-0.427293074759349	-1.26475893573829	-0.309196330706147	2.40835011492821
"1275630"	1.9806445707988	2.32690842989805	-3.29291114302716	1.39196785250597	-1.21161506561573	-1.55375145159433
"1275777"	0.553091076220211	-3.8060319524112	-0.949378969128378	5.05646158666547	0.0807570690957939	-0.886067069088693
"1275917"	-0.825702657457851	1.91265978173576	-1.04936834349493	-2.14266427433451	1.83914571815805	-0.481112454257713
"1275918"	0.461390914647228	1.54554187928015	0.744370103585204	-0.81609421461259	2.31513762797342	-0.403546567331897
"1275936"	0.556070324845552	0.49966950106447	-1.52841691569619	0.278872635035047	0.0800749985470296	-2.41203776525514
"1275938"	-1.02855913342507	-1.5918127691256	0.27229379368031	0.025960551183218	1.81198329731995	-0.823158511901608
"1276396"	-2.64098957907249	0.0200792417085603	-1.30864145746059	0.0976581159876844	-0.196631534922584	-2.23501154923743
"1276527"	1.48823787441312	1.39716353788528	2.32496640613814	-3.34353232982691	-0.147696893655816	1.58545258431839
"1276540"	0.749620591359178	-0.105837507687044	4.56432384268719	0.373224864035411	-0.524337912165918	4.27699353219025
"1276588"	1.06709875880213	-2.13686507416283	0.91932137981188	0.375042779077286	-0.0282256621454922	2.76907675019746
"1276589"	-1.74612283795271	0.538119591240683	-0.409251824381739	0.153607812213888	1.2184069867223	-0.295113178917811
"1276613"	-0.281505137566724	0.683614417036788	3.55811045650066	-0.958468023882159	4.05074584381391	-1.16190591240265
"1276614"	-3.22159188303051	3.6444642267795	3.29342461712113	-1.90421128742546	0.558337372217722	7.01795379187647
"1276738"	-1.26179913414356	2.83464633779226	-2.95424557120874	1.53382361965169	1.78184885160986	2.51545671269317
"1276756"	0.733132204820734	-1.17287897221944	-2.03156043270679	0.541627509543016	-0.000999028419975956	-0.850317371398032
"1276883"	-0.868920728336568	-0.879327502031951	0.233747523287207	-0.454704535804192	1.93197771494836	-1.48798002522087
"1276887"	-1.88319397056693	-2.42647157381269	2.45304840144135	3.84768062821141	2.64720478245985	0.109366924853412
"1276999"	1.49798142446775	1.49354346429806	1.15192345812698	-0.886065924558484	2.12548982744174	0.753127935657556
"1277476"	2.32317023076597	-0.558410437456047	-0.572063755060433	0.0484586449222873	-1.70479548919994	-0.298821927799593
"1277530"	0.781064993834445	-1.05938774431728	-4.79112515412556	-1.8730976641075	0.381574918773785	-0.0401503065753089
"1277585"	-1.61144606113658	2.07450820515857	3.21258592305722	0.313241499673357	-1.57640524571377	-0.31162922925159
"1277607"	1.36936790451895	4.48315794072251	0.394333033519839	-0.375889331714263	0.272700624194432	0.479340544235517
"1277629"	1.2587723408258	-1.29804422513846	-1.51189163612656	1.50472832673516	1.69547026267748	2.70655835106527
"1277680"	-0.934920178262	2.22584403192236	0.0472936779412179	-0.591016668447244	0.38049189316313	4.28604227258152
"1277681"	-1.30035354135515	-3.16000302706806	1.53857458213067	-1.84359327843444	0.0575541718963888	1.01131622981003
"1277811"	2.49007053937772	1.49809292687456	-0.878491214235529	0.286613110416187	1.090277922094	0.175278518106311
"1278041"	-0.22463151603045	-1.87515018219318	-1.44193289290269	4.43048553513111	2.32930700926801	1.33426793838111
"1278148"	-0.0118373906628307	-1.41856328193837	0.196670328607565	-0.0582632450844801	-1.66769146062846	1.64335105911889
"1278527"	0.54858041373977	-1.73278912345603	-1.04435251398598	1.37805342724355	-3.18071759021469	0.990905064675683
"1278625"	0.088275674024058	0.731724314553765	2.88074319545228	-0.0055238176157299	1.23980515829238	-0.347430292826822
"1278871"	-1.0947096784054	-1.93718846439649	0.549200518872088	0.235212722014081	0.717452929122759	-0.875871794466488
"1279021"	-0.855943907027342	3.44149801331253	0.575011139624436	3.15881664723949	-1.76624144776922	1.00037262579265
"1279044"	-0.200117472383465	0.135783419620698	2.13027787889046	1.8042265575972	0.39399719024423	0.420667325531961
"1279199"	0.664182237963804	2.36807160038754	0.419290531786878	1.0856346679263	-0.408343024410153	-2.02357550669413
"1279496"	2.79054011718173	1.40587212129246	-1.31897035925524	-0.660741484169332	1.91715843230323	-4.69906543808792
"1279556"	1.33292347616792	-3.28170935523233	0.758855450664664	-1.63649202422544	-0.33651421635309	-0.348977532711102
"1279559"	-2.41207409036346	0.575503273600696	2.71776999846865	-1.47802483097708	-0.0581134263944499	2.9823054344991
"1279619"	1.97526520811133	-1.15743906398442	-0.639396069846232	0.142683472341875	-1.55617025903681	-1.15169746785757
"1279811"	-0.882810723223368	0.626828442584657	0.417529321743902	-2.96081228198387	-0.230682933289489	1.30762549053727
"1279877"	-0.784794767661282	-0.265270110241961	0.0527995123889153	-0.890551491760213	-0.731260765384216	-0.372339866637348
"1279930"	-1.77869267580105	-1.05155619816092	-0.504948992255319	0.353740659193978	2.41541378320492	1.98333797398916
"1280168"	1.35594178297901	-0.436413883606901	1.891981710643	3.16248243954742	2.19106428010934	1.20029220320939
"1280228"	0.916054195708878	0.136920077001894	1.12639177651477	-0.888880243347381	2.29747883139676	2.01041454230796
"1280299"	1.9218463628711	0.126770289459002	1.04991796111418	0.190960735176594	-2.60054077208007	-1.98682788583971
"1280317"	1.98699635138203	-0.346790945090639	0.0889231004556915	2.67270932112893	1.07018475504461	0.474621965967962
"1280555"	2.31484052837439	-0.727396546701985	-0.514093817794261	-0.717701872128998	0.842491982745937	1.25958657884824
"1280588"	1.73293947941058	0.892391311594319	1.11097446422885	0.698069038418193	-0.175030896686753	1.50362257998177
"1280696"	-2.25166501039458	-1.85320695605648	-2.31798867557429	2.38668012133176	0.221085270697038	0.082974972438662
"1280879"	-1.34459467841742	2.59411017026217	1.88092727863224	2.08310403910983	0.602004193092003	-2.25874175977161
"1280884"	-0.977345559116364	2.36783091657685	0.098815529212189	-1.45766537361164	0.330620043376088	1.36362405259766
"1281135"	-1.75323590330069	-0.516001921905644	0.751813849695254	-0.303563984327025	-0.316490432332738	1.07333083164608
"1281195"	0.442632074294521	1.40653239541769	-2.232139220467	-2.88014298371288	0.651752466576991	1.29141625407034
"1281370"	1.93736372720068	-0.709068690840718	2.85427984766865	0.074116355647802	0.651224016847718	2.29089248289554
"1281372"	0.444439408265157	0.451238210535591	2.0986735995457	1.72474966982207	-0.468011026251992	0.205694754320022
"1281573"	1.34091292206479	0.71650069241361	-0.226264383849204	0.741263602949657	0.665167346518199	-1.54783364079153
"1281753"	1.08178747395008	-0.04709682161248	-0.027803372226481	1.80273966117344	-1.09335084408241	0.370784299880687
"1281917"	3.38164489516496	-6.09534789203048	4.19083346902015	-1.90304068661654	0.975198564263253	1.32162070593966
"1281943"	1.88489629527928	-3.02296774275571	3.69169098702558	0.642064532443573	-3.56191641391102	2.19642440712844
"1281951"	1.16699780751435	1.38460286008583	-0.513952554449952	1.4068432377541	2.34148764457813	1.79252507103461
"3290417"	2.17494041213186	-0.856537368947967	0.203131008219151	-3.25066674225903	2.15441240960746	-0.012578281242945
"3290489"	-1.93120123974629	0.465784344258592	-0.497507495882871	1.99307066463176	0.695560238804945	-0.928420029421252
"3291022"	1.24529899890429	2.14304073075745	1.68230978307676	2.14602562852982	0.245167025542493	1.87860332920004
"3292561"	1.58437594225335	-1.21111844366056	-1.38802897219977	-1.39448531157583	-1.04063725538485	1.8026690276084
"4576149"	-2.88167812350207	0.0213779587836549	0.619298615595828	-2.46856230900493	4.3136902518449	-1.53628339553352
"4576191"	-4.24351982440708	-0.406022282703812	-0.386917223687627	1.54374380082609	0.249336305716318	-0.462769535843269
"4578014"	-1.89989260275884	0.258600873142417	-2.4461638293784	-1.53214836030612	-1.18065895279163	1.85107374174536
"4578109"	-1.92583152629003	1.98614607642984	-0.793864021234136	-0.00833846670816002	-1.63887475587487	-2.01136038794683
"5668300"	0.130059848384603	-1.10907159750232	1.61382621414762	0.070057901408664	0.574332565157575	-0.63990372108956
