x		data
946008	-1.15259947590921
945770	0.464160706155456
947068	0.728932466150227
947698	0.410617452175438
946697	-1.46114720065474
946750	-0.0189080873864195
948359	1.69344782059147
946234	0.00939060979946588
947023	0.496784993367652
945424	0.16679880844254
947398	-0.236924039049699
948644	0.444865787850474
945652	-1.25402806900136
946376	0.0338742328838564
948083	0.0116704267240183
947647	1.15489066205049
945567	1.20726759909512
945960	-0.628923592619225
946174	1.37142363069089
944774	0.732500567541479
946974	0.348759059736198
947825	0.48657874717046
945168	0.322041805542689
948014	-0.771495285381297
946472	-2.22680297720342
945433	2.38130817558502
948108	0.436279725606003
948628	-0.12177158913026
9797237	2.34218522945263
946203	-0.643507354504416
946754	0.381491724542109
948854	0.636996206451118
947164	-1.0992976726532
2847690	0.409819749378968
947747	0.570341133998831
948656	-0.0228443839338028
945450	-0.396439476702604
947415	-0.064097900403921
5061533	1.17692462996514
947540	-0.687749630710056
946087	-1.29808260614359
948535	-0.916431382258323
948128	-0.695423538030352
948332	-1.83717611876478
947273	1.14152616863681
946756	-0.512713546770041
948147	0.838812954778121
948622	1.22561403310944
945594	0.681559046710635
945998	-1.31847922703559
946068	0.619811980287662
945546	-0.0384113965452908
946165	0.825574667231698
945858	1.86827949283201
947197	-0.0566628870622216
945728	0.908031419555602
945189	-0.221630960948312
947377	0.372059740157474
947231	1.25503539294355
945575	0.661242528715924
949039	-0.513346088591904
945182	1.36061405143517
2847761	-0.711697633380498
947646	-0.355009715680302
946579	-0.461523185314744
946156	-0.569670639585718
949078	1.1041290327808
5625571	-0.75045659926689
945391	1.31595303034732
947887	-0.534512005768386
945800	-0.884157422765196
946071	-1.17961086227172
947127	-0.721661017257325
948963	-0.150555626929716
947544	-0.192122314621513
949068	-0.98034303713905
948456	-0.345012315464672
948084	-0.975098524226757
948339	-1.07810017520861
945063	-2.00855619434534
946656	-0.725936586474631
947225	1.31082397498394
948758	-0.321539926283123
1450267	-1.4062167849508
944876	0.0247850112957728
948076	0.890437347551997
947892	-0.226106217575994
948421	-0.197478637866433
945946	-0.241754770209057
947883	-0.933001165829049
948683	-1.44407520315573
1450268	1.5190783771747
946528	-0.0903119515047818
946573	0.00103966699104357
948682	0.339895740580369
946296	0.0774955811627114
946845	1.32949170295857
946243	0.450403452411245
944859	-1.40159047916533
948062	-0.672144584912755
946047	0.35749012984238
946301	-0.131405658188892
944891	-0.161293662002252
945210	-1.29463487411421
947096	-0.79619214852572
947657	-0.933523650584882
2847732	-0.809038602815641
947743	1.55815683302613
944812	1.73311478509472
946929	0.13544482083964
948915	-1.12346745516807
948197	1.28513488934954
946902	-0.948655996788762
5625583	-0.338517081378128
2847770	0.392934878756036
944874	1.67191845637285
948710	-0.593485401814845
947826	1.48957452186665
945524	0.225422309142259
948324	-1.11994171745943
946312	-0.302075731958258
946294	-0.2371389197358
946668	-1.19580275947179
948067	1.47760971500922
946199	1.08851640246582
944781	1.19812087009327
1450285	0.180084353483927
948893	-1.50481335875313
947334	-0.0137476332559299
945071	0.543727688629537
947456	-0.23859749344922
948414	0.657264592425432
947869	1.08345053078584
946720	1.00743090001359
947107	-1.02684777074307
946072	1.08459901897314
949036	0.669994744813576
944892	0.140807189912703
947114	0.993791194965516
947346	-0.24401433685176
947578	-1.42185208847176
945042	0.102694258240347
945443	0.670181115810209
948646	-0.831990821782703
945175	-0.686139186286497
947814	-1.33395142016547
948845	0.022334519718812
944893	0.336278022039315
946153	-1.08976145362825
945517	-1.5078534305561
946769	0.436584496911778
948713	-1.02285857307315
945217	1.51524367246934
945377	1.98283730363339
947214	-0.349846511494444
948204	-0.197754053087498
948314	-1.09393609499053
948089	1.82632905111725
944818	1.56361997096024
947672	0.604449329987778
948200	-2.00024807201976
947030	-1.20299411454275
946688	0.298314494693717
945326	-0.679873970853371
949133	1.51937501541594
945429	1.89482724561562
947736	-1.22095251831306
947728	-0.517440041808148
947952	-1.05899827848475
948376	-0.284731618791387
946484	0.630991896296555
2847756	-0.614763968232479
947124	1.0938246933725
948236	-0.93443495579742
948092	-0.818234363714754
946035	-0.0603110429026082
947082	0.396011978236055
945389	0.534820354014824
946593	1.42122807037147
947194	-1.04234509405263
946202	0.80456922258827
947865	1.05048344189987
948678	0.12141456268351
947524	-2.14369028766964
945469	1.1461579210502
946112	3.1647983494106
945178	1.15332140013753
945332	0.897494765421913
945853	0.00354005882964887
948279	2.42252111442247
2847716	0.11388295568168
946465	0.0670929539712468
945534	1.19320766471532
948858	1.08698991225331
947461	0.179657094006312
945908	-1.15321764962324
947162	0.509600233584806
945419	-0.145840515561641
945024	-0.825533247075526
948058	0.0935555285015241
944953	0.536690120558621
946427	0.166316953980302
948613	-0.175503818443683
4056027	1.33083960018704
947247	0.00024318497019107
948425	-1.46795704204489
948097	-1.42490606752313
947206	-0.64756889964733
944975	-0.795299890067166
946511	-0.275517517713691
947451	-0.00505052875412097
947870	0.561223330347547
945581	1.1326302072085
945446	0.501710006058322
947179	0.402340472075018
947287	-2.06425335656721
948493	-0.0221734997794366
947823	0.903502347359774
947117	-1.2270733398065
944860	0.547622433264295
946999	-1.78523497006304
946469	-0.555414540583413
947148	-1.58919086502774
948778	-1.22749611865898
945748	-0.654300212212806
945125	0.106228606010508
945674	0.441155069890817
947681	0.556511663155964
946168	0.392834602222752
945875	-1.83234280054636
946927	-0.439400835438651
5061524	-2.52781512092427
948275	0.130513926891815
947224	-1.19524056868618
946283	-1.3221152754666
945951	0.27541444842048
946198	-0.87819030681127
947557	-0.862189515970293
948718	0.957989974580187
947946	-0.0758011943904932
944826	-0.312576407901643
947694	0.913475108324311
947445	-1.75065240643728
947649	1.31855424756153
945834	-0.1362557028548
945989	2.35447713527113
947413	-0.759906660743021
944852	-1.22076698308117
944947	-1.26977253347084
945829	-0.786891177651549
2847738	0.376402600184866
948757	-1.37884826216938
946232	-0.460485186526376
2847678	0.423786269179717
948244	-0.00519346637332052
948267	-0.309364074040969
948444	0.311665232831999
945180	-0.986259443727687
947195	0.374255049748495
948018	-0.623373377899828
945981	0.155027232198268
948503	1.77054533953624
946592	-1.39687466442967
948023	-0.864056736010847
947839	-0.764240505581799
948526	-0.25174775727323
947999	-1.2550712315273
945037	-0.729316543925222
948531	0.19120919158938
948731	-1.1197192248719
947454	0.348320054254026
947788	-0.711064274722092
946437	0.143561614884176
946186	-0.268631627813168
948857	-0.595343235796284
947742	-1.90222126301677
946682	-1.81711293313128
945358	1.1003662873017
947467	1.21092105385771
945726	0.18351570776357
946042	-1.12107150609633
945550	0.856822479199123
944798	0.25553778649181
5061497	0.958897989382317
946828	0.950917578477364
947474	0.00965064510978426
947777	-0.278370312011817
948689	-0.105518884144946
945316	0.649034396168933
944932	1.37196832788778
945193	-0.337875357662743
947271	0.284641522117977
946023	-2.07348891233915
947341	0.531704079516211
946013	1.60946094628472
944981	0.88418218747505
947380	1.48218643396248
947831	1.3972726424341
946887	-0.418350884242726
945565	-0.729348224240243
948228	0.821903843899737
947336	-0.289912539069163
948674	-0.173346175640207
947170	0.197876163874674
946657	0.0313683005941021
948802	0.257803830876971
949049	0.188467392628501
1450300	0.177027119620746
5061503	0.547104556095954
7751614	-1.02474048290096
4056033	-1.76353152771531
948326	0.956458994561867
946494	-0.793579830997359
946676	0.464965269769066
946546	-1.14824086428541
947173	0.838736564216013
944764	-1.18475589967826
947942	0.845453336091807
946880	-1.14396277878554
947863	0.504422419109512
946221	1.57234274149811
946727	-0.118933950157203
947580	0.467635992730306
948851	1.18603062269028
946377	-0.227183817080858
948866	-1.23532247341884
947934	0.922858684718172
948054	2.263532697143
946690	-0.10798329395837
948465	-1.54721789165927
945719	1.4744907270101
945368	-0.800677493866761
945982	0.815277877543548
946818	0.644310434605555
945787	0.409855366553527
947509	-0.324993527106841
946983	-1.96117055524964
945525	-2.3041555961062
947987	-1.21948796582395
945120	0.027293982640429
947730	1.44838561466082
945867	-0.419145883536886
7751632	-0.497656489235071
948525	1.49200293355323
946545	-0.181975187020062
948907	-1.43121273310672
947163	0.625106972210067
948670	-0.373845303726867
947371	0.489577913650434
947758	0.424610269834289
1450283	-0.0462760318492207
945331	1.1382707248078
5625577	-0.599747130668373
946537	-0.382873158078303
944776	-0.0421474409890174
945935	-1.12421269181972
948381	1.27010004114192
945596	-0.199934775928376
948774	-0.243308934803929
944778	0.796541795879366
945144	0.032777478189464
945601	1.02479927487836
7751647	0.205154981631189
947318	-0.523093403840761
946837	-0.278564642410148
949021	1.9372190431072
7751622	0.367111733539645
948756	1.09397854955593
947677	0.207185845016919
948662	0.0281703675521233
948916	-0.556214649026381
946977	-1.07451106854077
945273	-0.103578924126116
948850	0.022271295422453
946164	1.22484997999494
945490	0.747010684164303
945215	-1.07835586079373
947308	-0.342592740472367
946722	0.513796179473407
947174	1.22325272048432
946254	-0.100188339781077
945702	0.734381648469538
946225	-0.293612813390726
945477	1.64686566281361
948152	-0.0208238063776567
946712	1.66835358689311
946200	-0.000245898368551409
946945	0.567684264606158
948675	0.530070025352797
947245	0.357892700266896
944942	-0.331512610035328
945995	-0.705809257313428
948545	-0.157045558858054
949088	0.575331251262058
946869	1.19009229891831
946320	0.678987552588657
946178	0.460083825420223
945604	-0.866710177120263
946251	-0.574124286751258
945840	0.848450081357305
945618	-1.63439822771171
946344	0.433048967537347
2847766	0.536534645647564
946369	0.955568877765103
947940	1.32377330124543
946719	1.34797925538496
947025	-0.263166953201409
948138	-1.19206987787403
948125	-1.14336437569647
7751645	1.02266506007104
944917	0.0100077531022546
945327	-0.216148832671255
945795	-0.50431483443901
948462	-1.02209743931807
945255	2.72692219077936
7751624	0.0127776709278893
944749	0.563582209254623
946832	-0.282859421491488
2847696	-2.51309002016863
947784	1.17242165692126
949013	0.459723490699435
946693	0.467912639156189
947960	-0.0422542987041617
948445	0.577705624193909
949086	0.595855876465944
946617	-0.856814339319839
7751617	-0.609039997577601
948734	1.14209716367277
949062	-0.0685191863818593
945548	-0.848122881620912
948789	0.911918252598338
945333	-0.685667631679857
1450235	-0.334848985606428
945297	-0.922072717386479
945317	-0.0806566900590559
948641	0.177094368700262
947945	0.511480347585589
948541	-1.4957244499456
5625573	0.0372601019408879
947109	-1.47570133870992
945016	0.416752494257659
945863	1.54064248612045
947269	0.0773129524113238
947182	-0.16101060163813
946640	0.568999378710402
947886	1.02160080837332
946848	-0.286023436070946
945945	-0.749812841541932
947254	-0.951228026666003
946589	-0.577252060423077
945673	0.482143746602851
946694	-0.841710135793497
944907	0.335391988970548
948773	-0.408713010477878
946187	-1.17823136036504
947053	0.484871513961173
948334	0.49077310283569
947156	2.21946229185768
948924	-0.237245300022452
945815	0.725807487022483
947284	0.28500531455286
948317	-0.974622673676916
947581	0.90327847611246
948371	-0.200053416334284
945135	0.141191251654056
948120	-0.458594855681637
944908	0.759946644668797
946910	0.675124419898055
946098	-0.0441100146693298
946074	0.71291949127782
946155	-0.295062691163178
948818	-0.11096979599116
946029	-0.116121926574669
945090	-0.788382376546574
1450297	-0.458758475746904
948698	0.623100615486009
2847700	-0.414454106303913
946994	-0.361156940103142
947290	-0.217225590992078
946908	-2.88646548705705
946182	-0.0519222158548742
5625565	-0.265519066211403
5061527	0.378877481332129
945047	1.39301804408479
949009	2.36624739620278
1450243	0.10796155785712
944911	1.97331990776065
948485	-0.616976908595136
945062	-0.839063368919482
945691	-0.236104013877318
948685	2.11188574810567
946050	0.0204157698375223
946093	-0.0637736421199093
946525	-0.521017911694728
945085	0.27297526803745
948812	-0.345718288845072
947595	0.0631853729351637
944756	0.511441110870272
948669	0.117363932964018
948781	-1.28365524668941
945537	1.34886286306186
947610	-0.229743186574013
945860	-1.73248478436196
948749	-0.627309025262573
946811	-0.24050783844931
946076	-1.3375772200114
947750	0.243139012663813
2847775	-0.552372085114525
948736	-1.09998772379007
946913	0.148266029042697
946976	1.29711492734522
948616	-1.01110908729618
944794	-1.40293803117492
945789	-0.82717384255544
948538	-0.512337490661703
945803	-0.112048858479028
945884	-1.19033578379898
946343	0.350355533883344
946191	0.493726856792528
948672	-0.779850607636085
946882	-0.917469583178462
947533	-1.68586336962202
946033	1.05328587868596
945902	-0.195497310098106
945112	-0.224603488445577
945509	-0.064229231018129
947051	0.238305582063118
948480	-0.619457985333071
947881	-0.102997031512748
944823	0.291874256567974
947286	-0.494101831479344
1450255	0.061307899045216
947853	-0.66139936536031
947991	-2.89899963772777
945385	1.13293505264968
945049	0.498823426374056
946363	0.209404256044309
946053	-1.07926901793147
7751623	-0.597572327778034
948036	0.812803518040124
947356	-0.691872935917643
947640	0.735103157768579
947169	-0.988269917378652
948150	-1.3076239870739
948059	-0.43072409331592
948006	0.388170088805418
945910	-0.540004096612449
945275	-2.21993524286211
947501	-0.543450120487804
947816	1.46249038156764
945483	0.164414002708098
7751642	1.84827626707876
946134	0.707545358267761
948551	-1.29655032404367
946790	0.364390084179418
948247	-0.949919902415524
947432	0.786946457733794
949008	1.37813112442099
948918	-1.26367400166665
946477	-0.156260777231896
948099	-1.84175841521267
945813	-0.05497427694636
947396	0.384741315093191
948132	-2.01067718061995
948251	-0.712180070009908
946144	0.368574821032051
946460	-0.533012349332085
948769	0.697028980755275
947522	0.54096687345183
948433	-0.463774795691411
944847	-0.77987849511859
5625582	1.28123619864141
947535	-0.0145341796532513
946354	-1.00767313568048
2847744	0.485819705081692
946445	-0.0173682145555107
947519	-1.41236548282765
948666	-2.1984319824931
947105	0.230063332423548
2847772	-1.44583946048181
947773	1.12134662714424
946982	0.451074309407646
945600	0.567830385599024
945032	-0.0124832074954684
946816	0.401662581952101
946941	-1.19541805831295
948772	0.280680299938753
948955	-0.305713862464126
945174	2.57645470062226
948473	-1.05183482179944
948826	0.704059494200949
946227	0.0528093475310481
946971	0.392182021824202
947531	2.02123121368113
948419	-1.98455266316176
948848	1.80268786132605
946575	-0.119737945261327
945857	0.568221329604583
2847755	-1.14715074849458
945471	0.244513962649641
945686	-1.31363408994542
948822	0.532395168373081
945219	0.81740087029294
945138	0.571784922122051
945205	-1.15565211462385
948220	0.523840603969086
945623	1.08835170802551
946706	0.477885147944748
946758	-0.158089795435629
7751630	-1.69546895975594
947947	-0.638288032509682
946365	0.89722381893707
946725	1.4906813415016
948065	0.107625516902225
947102	1.37143062368041
948870	0.0928187627688446
948472	-1.64458184892185
19351532	-0.287387008750293
947294	0.913512230461739
945775	-0.484271414900283
947707	0.265784583785069
947644	0.882826074688302
945476	-0.0217848828091889
947218	0.871495277917311
945128	-0.503883754194024
948145	1.32740422544719
946185	-1.12627634443648
5061531	-2.39478348447385
945873	0.804282117232596
948980	1.75962558585606
945298	1.01234052141349
948994	0.216989245512612
946665	-0.545694468796195
945068	0.583965861506446
945930	1.17807429449743
947119	0.799946547167473
945552	0.294765133016984
948263	0.297681943579133
947671	-0.0561249985594883
946337	1.08066528499268
945088	0.797413796837905
948094	-0.596499646720863
947772	0.97673255817902
945413	-0.427621640361617
946873	-0.268494009448614
947139	1.80260867882743
948709	-1.98122148705733
947642	0.0310278148217885
946804	-1.3894348732619
945335	0.681329378252179
948500	0.264355436348301
946509	0.13248856050837
947181	-0.352252564099566
2847773	-1.68230410531486
948598	-0.454968222239986
946281	0.525569020373027
949106	-1.0002321967561
946450	-0.715441732838573
947679	1.22199408804718
947312	-0.35875446635959
947337	-0.921068369497364
945445	0.358625933811075
948063	0.435356533993461
948210	0.957132312215803
947006	1.51821768248728
946032	-0.307348030709257
948647	-0.322575905248807
948687	-0.693711503815963
947157	-0.764322886922367
947386	1.11481299251638
948609	-0.27764915708233
949070	0.174575813597117
946065	0.30958105029006
946362	-0.288333464120605
946016	1.21719789366415
945099	-1.14466394350865
944795	0.287768298588209
947057	0.669267173481781
948702	-0.890047632229079
944972	-0.324382194620748
948320	0.26381497013187
945714	1.08764968500255
944886	2.05951792056409
948457	-0.358032862663607
947060	-0.677461766319199
948645	-0.77376020124359
947317	-1.12563005191782
947782	0.493375259403209
945214	-0.120213146196471
948582	-0.985746104900862
948894	1.9142871318668
948439	1.86352490721357
945762	0.486014427206738
948302	0.39329507908893
5625568	1.71740954576898
947803	1.39846860420876
949047	-2.41486281240377
948696	1.20375811389553
947427	0.211461914359921
947827	-0.609538018101297
946768	0.465130834861921
948269	1.3019406611588
948534	-0.427443347359808
944809	-0.57339932038869
946372	-0.540616368691641
946150	1.03809258827943
2847729	0.714788708903299
947098	-2.69140357121307
947966	-0.973199264643968
945006	-0.00940306349831504
945889	-0.863104723107661
2847688	0.953957200906461
948142	-1.21753443134333
947186	-0.988819942043
5625564	0.762970183012253
948995	2.11821477282891
948486	-1.20431895856256
946400	1.34686745530735
944754	-0.769163002144477
947683	2.05820787213216
948923	0.514889763928571
945922	-0.706942073156163
948431	0.517671045628606
945031	0.731190068578184
947680	1.40579463643287
947528	0.393698479329605
947967	-0.765984108649625
948369	-1.55948470726223
946864	0.304907911933928
947150	-0.172648882081056
946451	-1.25253133931738
945648	-0.827334059470742
948437	1.32545897000663
947080	2.32388450934443
949045	0.0378910476071269
946418	0.489207161442646
945772	-0.343543987673221
948032	-0.930382627061697
948719	0.942719080182972
948347	0.0430218936084671
945742	-0.885163879391449
948513	0.22560262604253
948118	-2.41340820551964
948938	-1.53631099383329
947499	0.769910667788818
949099	-0.135470082847186
945919	0.544996780942187
948775	1.75813117658171
948664	-1.18049198268294
947222	0.248278127747179
1450238	1.78522604981454
946933	-0.518353034208083
945583	0.253920750022417
945964	-1.09759771890052
947108	0.128915365792426
948997	2.0785102666558
944929	0.932992454258254
945631	-0.00786047983581522
946342	-0.0902330032505592
947515	-1.00197436914991
2847752	2.66218643563674
948029	-1.85078956265821
946577	-0.135552037249008
948694	-1.5832744194994
944999	0.951442661753311
946766	0.0389748404326761
946028	1.86546245325154
947011	0.677275239341894
945094	1.93743611595937
948522	-0.617105151942241
947794	-0.374217547892271
945926	0.57083478439713
945780	-1.03836032196294
947521	-0.607816182571304
944978	-1.16142384928919
947767	0.414534050566182
945258	-1.30043802614257
945761	-0.298384581704391
946291	-0.872472156799836
2847685	0.503475862829171
947489	-0.933706156633543
945158	1.01206355253824
948046	-0.986409428176359
948908	-0.085126901443013
947655	-1.34965191541989
949080	-2.29011897264685
945074	0.755380597852141
945019	-0.221443906118851
946003	0.284760646968028
947917	1.03963324252118
947830	0.887648822299716
944906	-0.152778602382083
944802	0.681553170725032
945801	-0.71574122114
945146	-2.00777217542882
944819	0.271086252203443
945113	0.912556433549648
949081	0.962264542119107
945337	-0.030385684539541
947401	0.645030815852192
948410	-1.73904947794696
945504	-1.0820000731365
946217	-0.198331784615855
946503	-0.350924193373596
948141	-0.0635456054447326
948377	-0.56098879847242
945199	1.2061174166876
947765	1.0180940051607
948655	-0.470831130317495
947690	-2.18218212194695
947824	1.28150903961497
946985	-1.97369577763118
944814	1.54714206724657
948892	2.7194103695652
945849	-0.147224397178333
948511	-1.35220505623092
947567	-0.230804132212205
945891	0.172579371038513
948909	1.2442474934639
945893	0.339000592363082
947801	-1.27486066469278
948308	-0.706926933008814
946689	1.11596537132875
947971	2.21177356504198
948107	1.46489249474979
947756	-0.335192055129207
946135	1.09125370423392
945988	-2.73892216990146
946260	-0.267244580957982
947968	-0.21704486764732
946587	0.133144596775128
946716	0.84450908319495
946865	0.551589928351631
947193	0.315249849120073
944813	0.835607807766893
946402	0.838311339050156
948750	0.123735423571949
946681	0.920340665279873
945283	0.70344682284094
949044	-0.498122389686118
946799	-2.05936067149331
946918	-1.01526002125668
947512	-1.22089009770408
945895	1.72175964801585
948805	-0.462340245159745
5061509	0.698299577598804
2847713	0.766754268068229
948761	-0.540568258850326
946674	-1.151143960113
949132	0.656946490078059
947804	-0.525134299046918
2847734	2.28110514919093
945629	0.961341761431342
946505	0.907353156986738
948763	-1.84363242299094
2847723	0.316988871230123
2847740	0.571453538110295
944951	0.387255308434192
948795	0.13564260994964
946468	0.941726619291221
7751627	-2.34521949378514
945643	1.36684485695963
948315	0.863015966860248
948164	0.911479264948368
947732	-0.705849245882096
945699	-0.414461895262437
945586	2.27463903964806
948987	1.04132074478077
946760	-0.607311180473947
946039	0.391598412023664
944963	1.25252791912581
945842	-0.842004751391777
945590	0.91739661900282
946513	-0.0676055982384836
947517	-2.07191213618068
947143	0.336658230629862
947770	1.08671018826573
944871	0.139758526151904
949025	-0.342947779307441
948073	0.261674858862031
945536	0.418336806686223
947906	-0.381700743587026
946833	-0.785914425136886
945078	0.781295324580873
948126	-0.517667553308026
944900	-1.65002816856605
947257	1.6586279058961
947369	0.632367541695837
947744	0.787771051410271
947199	-1.98544358501365
947913	-2.0278679375694
947255	-0.316878705211743
949067	-1.16305011790004
946305	-2.55423408343177
946088	-1.08226513652653
946255	-0.256515335445509
946170	0.0500911137696876
944873	-0.361649062184464
946932	-0.668618525420942
945799	-1.00226085152763
945630	0.544294243328115
945657	-2.62793294015566
948667	0.4762724049383
946879	-0.313848123121175
947615	-0.36165783034483
944763	1.31466984608248
948284	0.172744588799915
946793	2.81850285529796
946058	-0.0677585472237824
946826	0.350487429810657
949110	0.0984897644943269
946590	0.393040792050884
946603	-0.548416436282872
946405	-2.08641777781354
947599	-0.918872248692266
946610	1.43460423160331
944772	-0.771592288406333
946285	0.34344078943235
944828	-0.668536461155092
945531	-1.28601877047697
948133	-1.23737069589314
947468	-1.03459708861991
944870	1.1921956902481
948105	1.76850961417455
946715	2.00328157411944
946651	1.16460778286099
946334	-1.58809143359932
1450237	-0.225188423208154
946470	-1.15323517080139
947705	-1.55116088641201
944937	0.950967178639309
946413	-0.88835750275615
946228	1.05470417999231
946787	-0.621899192084661
947135	1.78778717095708
948045	0.643333329927334
948733	-0.00139708841231092
948123	-0.230479377683524
946248	-0.689601199304092
947453	0.836789102614309
947884	0.187840781978051
948181	1.11721629193472
945444	0.512765036188919
948888	0.405031898021387
946160	-0.272734162706134
947652	-1.35384863483222
947044	-0.407414976000524
947176	0.642516726134727
948539	-0.0684879891263349
945653	0.38847727582432
948143	0.231682366746873
947721	0.478582667585564
946937	-0.156137114863469
947741	1.79405444054519
947632	-1.10003556276239
948085	-1.35536897476201
5061528	0.251333176228064
946987	-0.556570089826794
946183	0.669031727708326
5625566	1.2623636741749
946406	0.513171143808416
945572	0.476516743389439
947914	-0.516807255713578
947007	-1.09850646023333
949121	-1.76931931702953
2847706	-0.899478754113148
946786	0.14058300046725
947463	0.313974162101177
945712	2.3612108316671
947900	0.513529204253087
949087	-1.48850117475039
946201	0.336417628648638
945851	-0.216379392163642
947240	0.422743929211629
945559	0.00427409343985745
948195	1.18935169363501
945791	-0.0702789319620897
948173	0.05301812648514
946041	-0.184435004475546
948895	0.504317073451266
7751626	0.505905306140827
947645	-0.66779962274792
946102	-0.182969474339747
946500	-0.554286087769042
948290	-0.492028806938881
944769	-0.252197465751769
945129	1.31292974897488
946492	-0.655736996327013
945693	-0.248641231779698
947631	-0.342496566529091
947177	-1.27257134579512
945923	0.0867873161490302
946094	-1.03901335509484
946022	-0.00464203044050349
945005	0.608042182032693
947716	-0.372247042154403
944743	-0.98797009270458
944799	-0.0151858129531744
949052	0.663593410702426
946447	-0.791843400991282
944928	0.739016510394439
947437	-2.15012133702075
946752	0.821784910898239
946924	1.6537538254619
945898	-0.582309783218814
945264	-0.774389797997424
944824	0.105384233347429
946302	1.22652472934716
946673	0.606419764838826
947993	-0.614532016131652
947003	0.364428299682954
1450291	0.358813133829941
948752	0.522382283114964
944834	-1.14796493330864
948287	-0.0704960677043352
2847718	2.21300277513299
945606	-0.223458172641588
946197	-0.248644657432675
948739	-1.41525046848761
948213	-0.290052832858792
946259	-0.402525725849192
947089	1.2852606906779
946898	-1.30394955220979
1450231	0.00730078742033651
1450246	-1.2612699755422
948668	-0.431471199377085
948232	0.214842765911198
945633	-0.296013957620393
948603	0.679345637305359
946399	-1.21733102647687
948856	-1.50877553196015
946534	0.353831313772314
946938	2.02397812795911
948088	0.52214009875985
945616	-0.220789069131219
946594	-1.10561652021494
945940	1.9677278716753
946868	-0.270308314145845
946424	0.551162929297401
945465	-0.454834080782855
948887	-0.702994145135179
946446	0.257265351507051
947038	-0.915578334629613
947256	1.88120063407042
945241	1.10432354835888
949015	0.52319276603671
947962	0.36553698520056
947692	-0.00512371533614229
947904	-0.321690104935415
949065	-0.363564729991255
948956	0.306364284468887
945163	-0.598527824195992
945055	-1.05943811951934
946859	-0.155436553552742
946817	1.14838766116889
945354	-1.00598848765416
945288	-2.70094183773338
945751	-0.334369329054976
946838	0.37678600098975
948901	-0.6226316156124
946452	-2.19723226311362
948028	2.27839812219385
2847676	0.31740053529829
948172	-0.798832566135357
948699	0.544240334311349
945179	-1.33285928628769
947063	-0.336842466916429
946621	-0.327149110219065
2847735	0.0728825526547142
945325	-0.758546479221583
944782	0.615267743751076
948340	0.230306648708645
948230	-1.53891064467215
1450258	-0.765722728880249
948602	-0.689325790967421
947027	0.52726589730036
947120	-0.978414912817523
948981	0.806133286573905
946835	-1.62790290091996
948167	0.0395565294652414
947252	-0.00847917526404362
946821	0.878125315261173
945455	-0.909451469492341
945497	-2.06634820923695
947072	-0.242182269938294
945495	-0.466119536516582
946455	0.83777382767288
947301	-0.986648492481609
946702	0.184434148164166
945608	0.379814002583465
948993	0.568237094319529
948071	-0.116695013053578
948508	-0.538888312384157
945615	-0.2513452098688
948829	0.0297969715246583
948274	-0.11377084479406
948189	1.87473144018009
946215	0.201598384511794
945302	0.602856326490565
948001	-0.882629273407239
945153	-0.297656572098493
947338	1.40169755603943
946959	1.86442162683554
945393	-0.921069718783874
946387	-0.470041223253098
946146	1.18424191574507
948442	0.854348935513204
948053	1.07727362580306
946481	-1.05134616197988
948878	-0.686552388302515
945731	-0.824999807605353
945528	1.0513173990994
947246	0.404602858815945
947596	0.346534867308884
946622	0.0755398402481206
947272	-1.09399256421262
944883	0.941101994001731
947879	0.447110235767609
948432	-1.67660139641688
945835	-0.423455871988073
8764968	0.126322448463409
947189	0.825343304991261
947128	0.796897301163102
945115	0.628911684031406
946025	-0.463175161764409
5061523	-1.325044196511
946081	-1.19196038307415
945374	1.7984570739032
947161	0.371728876863552
947985	-1.31253774462751
945149	0.798841538267923
948637	0.54686892662221
945284	-0.642776518248491
5061501	-0.508971467158807
945225	1.72984204803482
946421	-0.3171648548378
946566	0.404872111784979
947752	-1.10419340164051
948884	-0.975353135189839
946205	0.602532774503535
948163	0.608203489344716
948663	0.0611796652465749
948174	1.54542284679402
5625554	-0.218307914086696
948311	-0.59073438808807
945109	0.174448024827689
945204	-0.565194699731628
945866	-0.619851743022452
946216	0.647362197392941
948278	0.693572292658751
2847747	0.616854426844127
949031	-0.0611680860363701
948461	0.235731158256276
945655	-0.831545692298073
944979	0.278907597566493
948782	0.531004781047414
947848	1.0553704934319
948737	-0.828110040416542
946037	0.334277275191935
2847699	0.564366290690433
948310	0.488575750317095
945976	-0.669628455953837
945963	0.994008729298726
948939	-0.081303819627014
945101	1.81586581320695
945365	1.69725965491948
947279	-1.23292231959711
946389	0.170345390091112
948650	-0.0365970740354151
945735	0.00664563156616948
945540	0.726915085516452
946886	0.451896808792384
945592	-0.908462814656697
946062	-1.15132573734478
946235	0.274049282119315
948109	0.494129340746821
1450273	1.0182303327812
948429	0.412227511922328
946638	0.204436644926016
948930	0.707038309818134
948479	-0.0547300783473556
946204	1.02124944293185
945864	0.381284586356091
945091	0.375197843213519
947798	-1.18172401075089
948364	-1.34374367808722
944745	-0.724644569211516
945645	-0.618107980582741
948705	-1.79274868750102
944831	-3.03559838445132
944790	-0.205726144151615
946944	-0.441511286334811
945917	0.126660637747845
948920	0.353737902975931
945230	-0.26601393471207
948352	1.36922677098999
945887	-1.81698348029464
946417	-0.846111260721092
948879	0.121256015837603
948261	-1.16499681749603
947857	1.14145675696301
947123	-0.782988942359773
945688	3.25142254765012
948676	-0.132099541183856
946967	-0.242831877642412
948370	-0.30002630673509
947165	-0.507496812070994
948810	-2.59870853299723
948416	-1.30109828239028
948903	1.05029458887117
948720	-0.606381379180569
945638	-0.928822706709913
945865	-0.68324741261771
949030	-1.17980245487707
945287	2.20174180936794
945852	0.578277104741305
944943	1.66977582385769
2847768	-1.03153612097817
945423	2.55992472020195
2847694	1.04077456835217
946231	-0.244734121762822
948544	-1.21068782542017
948806	1.16106251662873
947871	-1.72289129949554
944806	0.228005136223355
5625575	0.172377295131349
5061516	-1.51808564987658
945116	-1.21727662801217
945675	0.848617575005351
945400	0.0991942498092537
947210	1.85536358021497
946550	0.501327712449096
945336	2.22670025953078
949023	0.673934004724519
946206	1.89216103753978
946743	0.481953357499679
947055	0.885816130053323
949119	-0.973112581654888
2847672	-0.544299674803245
945033	-0.356745602468806
944744	-1.99179311320685
945529	-1.71558989587371
948459	1.14430513542915
946364	0.522397232551186
945784	0.95798358565612
944960	1.22728290434678
947844	-1.02581663392681
944784	1.86176624987313
946171	1.40433453283806
4056041	0.516086747160537
945379	-0.724282438947249
946139	0.510610681907021
946991	1.04616178231512
946504	-0.326627869078971
946308	-1.5789064742734
947062	-0.546396145451686
7751636	-0.607452698414257
947332	0.189732190902016
946853	0.713608246252858
944931	0.928080814861092
947714	-0.764800108155139
945973	0.377473606511807
1450299	0.484188659747793
945222	0.955057793179546
946090	-0.710141362342541
948350	0.0268874980052496
947937	-0.88833050906101
948574	-0.30991942609052
945053	0.306349013110699
947639	0.746091564533029
946711	-0.469470391134554
947160	-0.609848861437773
945343	-1.24208775045897
948358	-0.144918881330021
948540	-1.09930917004404
946274	-0.891483658888608
948494	2.97508343074016
944895	-2.40248201090535
945660	-0.439141592339764
947994	-0.337408221639918
945388	-0.0176829514896432
944918	1.68748090509356
945257	2.74660158545118
945268	-1.52018876216707
944974	0.892073171932378
948240	0.858346814401344
946965	1.40666924698835
947564	-3.20702120701798
947978	-0.659383849132561
948390	1.02889554720402
946244	-1.89104241366407
948447	1.42759710616599
4056032	0.272900365516845
947069	-0.214583747203226
945152	-0.446655516479611
949093	-0.794288904495627
944753	-0.999379756118679
947759	0.575862255782741
947925	0.665210749400792
948846	1.13847683975057
947358	-0.941584189170034
946515	-0.670739728458053
948238	0.269199578100918
946401	-1.05059702178806
945602	-0.515770328916775
948114	0.612295569904819
944985	-0.486886996196786
947651	0.0691086067625328
949102	-0.558105179934515
946056	-0.857340214595884
946328	0.100266913714274
946630	2.92094614494975
947720	0.263684920940509
948767	1.08399236320271
947583	-2.59942385879374
947459	-2.17637011604854
946429	1.07194447125879
946939	-1.08474286287186
945585	-0.316963360493445
4056036	1.64039520414922
946506	-1.23285884357433
947779	0.775329972354163
947545	-0.207331047586588
945023	-0.496505859317818
946218	-0.15460723375854
946753	1.13936790984696
945897	0.752275417615664
945637	-0.731428441978991
945628	2.53199100349534
946120	-2.3958644208381
2847707	0.710292092738978
949024	1.38090192218887
946123	0.138057197222284
948002	-1.24789849358348
1450253	0.423331113073787
2847731	-0.831909834810505
946721	0.504213579937711
948285	1.46506940526296
947147	-0.769356545604874
947409	-2.2950463556456
946064	0.269626320339464
946145	0.570793988106809
944761	-0.240486104111383
948982	-1.00092869244271
946993	0.695215764628783
948449	-0.591049115232712
944920	-0.887972517786633
947296	-0.740150234972553
949029	0.978722569349546
1450313	0.222275300828706
946928	-1.45523830539631
949096	0.7714612257567
946082	-1.89722748210204
948979	-0.6539125422448
946373	0.897509352445105
947733	-0.533908787297621
947382	-0.430666962802133
946080	-0.110580853162877
947975	1.83604634334951
946813	-0.709965380789649
947429	-1.98330650605346
948242	-0.79302002552062
944968	1.56823571705457
947010	0.142910028690445
945188	-0.142797202294575
946558	-0.576129565536792
946639	-0.684767776933914
948176	0.809724220670433
946151	0.11109572401088
948652	0.145749692979218
945513	-0.0939211690603195
945324	0.113542152462447
948481	0.0305263349158223
945243	-0.518851516948273
946069	0.0979899912757073
947888	-0.0784772134228143
947048	1.85286251551337
947537	1.26858007347276
945206	-0.428679113537588
2847774	-0.855820456821259
949101	0.400653855374221
945975	2.08677580804869
945396	0.23447534684366
945449	-0.595334865099112
947376	1.71987003382581
946499	-2.08923117424846
947050	1.49980606124304
2847742	0.25190131480925
948606	0.246663508824236
946840	1.19830728622888
945010	-0.70795321398182
947488	-0.1431870818452
946544	-0.300063244858958
947412	0.050650047777623
944858	0.13600523065828
946889	-0.478829824139828
947178	0.853091379948144
948056	-0.633834481142242
946368	-0.277466534132734
945662	0.601087978362932
946735	0.490010302991632
7751625	-1.69208106904899
949014	-1.07232910585986
948137	-0.969030933524009
948201	1.69263962105881
947551	-0.421902653851332
947097	1.18981244427297
946276	-0.684977466350703
944910	-0.907056037705746
944897	-0.702961441247767
947665	-0.505468007513178
946096	0.338693968392384
947878	1.13612673767042
945192	-1.02592410509068
946836	1.28061281414054
948129	-2.60383486215044
947372	-0.597124871665559
947322	0.283396772083784
946143	1.1203043997016
948657	-0.756457599921833
946209	0.94158938552479
945576	-2.75797298976308
944829	-0.489708278105287
947241	1.02143836300399
945894	0.0849732434154005
947981	-0.841777346731328
946314	0.0443551464957028
946349	0.314467968686582
948491	1.09432202077924
946920	-0.959892219316363
948833	1.13305015586105
947633	-0.657684236280044
948504	0.581309687369142
945798	-1.21704327899492
949126	0.51349200551215
947394	2.19494901324731
946514	0.915166294330811
946794	-0.312543298518217
948852	0.939134538370575
947761	1.27661209605131
947685	-0.704569467999572
947226	0.036175140312687
2847776	-0.223145489004495
947724	-0.15021329185615
2847727	0.263465219488564
947300	-0.00731774336909721
946947	-0.431722680105148
944902	0.510602624192322
947359	-0.146267162858019
948055	1.75245413913038
945458	0.238148144954253
944786	1.93551989094987
948577	-0.493758578879264
947034	-2.65143826472109
945105	-0.161324244980452
2847746	0.875950799106398
944927	1.02411046872769
946552	0.681928470827822
946726	-0.377620795904537
945823	-0.923738263288503
948914	-0.807856546841285
946355	0.0256050910652744
947112	-0.769024430696113
945580	1.04169666353511
945984	-0.297716130986465
946747	-1.0889382259589
5625556	-0.162157672548682
948648	-2.52772867552727
947907	0.120634327360073
946822	0.207051596164489
947586	0.577854307124531
947270	0.734083246777245
944796	0.843310384593678
946598	0.639482771495919
947792	2.46007571162107
947340	-0.654014990533157
945879	-1.27463551545657
947311	-0.160792659483986
948942	1.57008873629025
945282	0.893399213276935
945501	-0.614964440690465
946966	-1.03142226889144
948325	0.931777658308896
945782	-0.445264216479563
948134	-1.28251736383682
948243	-0.735922375693899
946563	-2.09260888486315
946381	1.40350220148843
944961	-1.01939516850265
945478	-2.22746155683483
947620	-0.14711080547461
947693	0.985695052946452
945690	-0.26351033456409
948276	0.442039378501286
945738	0.314391620943059
949104	0.388363834544068
949012	0.365019847102696
948252	-0.898979843433351
948754	-0.563895213336936
949129	-0.709988923839274
948741	-0.0749961080808961
945519	-0.947082792417432
948860	0.000375809450127385
945176	-1.52495740072791
2847719	0.0983516473640983
947809	-1.52660782130733
946044	-1.32527058152411
944930	0.603359481007715
944919	-0.0975144558665597
945913	-0.136624134919734
945127	0.922707019070566
4056039	-1.23456619115483
946773	-0.699677075018474
948636	-1.4863788113501
1450269	-0.791825104180931
945011	-1.12972573756397
946423	0.536050949798032
947263	-0.759523849174861
945079	0.765859823857114
944789	-0.664138927321368
947708	-0.152972835292633
948653	0.0105017445007335
946714	0.623558263965638
948034	-1.87525607902691
947249	-0.247757245723693
946323	0.922026038997354
945757	-0.0812303331620457
948721	1.29843600220005
947911	-0.864032498145749
947520	-0.375373012538778
946284	-1.17566446933112
948221	1.68558153593003
945059	1.23704851235776
947696	-0.79910070966401
945248	0.100580193315
948583	-0.252163169561528
8764970	-0.801937995769315
949089	0.935022495211787
947699	0.893146357064965
948398	-1.07620830575273
2847750	-0.857025978573221
945692	-0.881735424686127
946904	0.218534466906172
945098	-0.59416927905801
946881	0.2851450221214
945822	-0.442872233266746
948191	0.14713774962893
945544	0.576178447882445
947052	-0.638287615398974
948255	-0.248209386183447
945369	1.08835041219996
945724	-1.39064609995628
947462	0.624909586541826
945551	0.487331823030634
946510	-1.32469784565431
946584	0.547276865076242
945986	-1.21884759545899
948342	-0.158473126889889
946827	1.14875815546998
1450282	0.0208785925823452
947799	0.765553667421648
946619	-0.655065343929745
946866	0.148163556435226
945819	0.315455608353875
946844	-0.229732553070801
947028	0.00995213675271216
945700	-0.229641657335774
948015	-1.44266821267604
948159	-0.56502055707289
948925	0.489069507369307
946001	-0.0940226050969412
947099	-0.481911965625374
947854	0.575165923112721
948021	0.0272932056577537
947428	0.715139858909801
947403	-1.06722093464387
946245	0.74303782977918
947566	0.597020267014649
946894	0.262509863212992
945482	-0.553314044511471
947980	2.28070580245051
945684	0.554928566706813
947676	0.450559276228543
948880	0.112322658448778
948423	-0.509939473692761
947305	0.231207758513786
946800	-0.70414600520019
947113	-0.512594492654125
946371	0.414682306421985
946984	1.14719124212235
945407	0.383599464873254
947697	-0.429882012386497
947587	0.390559412199855
947328	0.0994173160747633
5061513	-0.526063454521759
946309	-0.389963392683078
944964	1.63038223909728
948087	-0.0114277189187567
948835	0.319725375841922
946045	1.96967878998717
948127	-0.598462506946561
948516	0.445098841508163
947416	-0.758740808489363
945050	0.695024075039424
948950	-0.479832710672959
945488	1.19333933441157
945426	0.289720587565223
947343	-0.795571498397952
947383	-0.143370347081671
948383	-0.226209409061734
946271	0.471067816053666
945622	0.928878436723641
947935	-1.587517118457
945941	0.871638734717878
948337	0.884718781977788
947769	-0.121717965010371
946892	2.60747466541264
948783	-0.345944054856498
944967	-1.22284602912803
948254	-1.44661812717996
945579	-0.13067274346203
947151	1.01697333947102
947196	0.834492758235456
944857	0.616934836337953
945694	-0.0476081521522582
947617	0.311702072598375
946009	-0.308061429520331
947710	-0.280672426008579
946238	-0.235371590046559
945025	1.29912327562777
948296	0.195641297791343
2847679	0.97985755022174
945272	-0.721471833883011
948874	0.445206426130866
946749	-1.41109840369313
948283	0.960651114120651
946557	-1.71655699117918
945022	0.0823415071151838
946292	-0.466640358303702
946916	-0.438481891028267
948192	-1.07602154488761
945698	0.817540988945422
948256	-0.107099970241672
945107	1.69379856524715
947856	1.10318240636392
947847	0.0191657521434508
1450298	-0.461555455131612
947591	0.427239017487053
945635	1.21676533481436
948066	0.483525216556588
945729	1.08019682654946
946020	-0.677378522162805
2847710	0.267806926044735
946162	0.893414285272089
946586	1.03939811800489
947153	-0.683186352393935
947233	-1.21698195493385
947040	1.89878042097836
946661	0.450404212019796
4056038	0.359661512613191
949057	-0.0281378521677759
946462	-0.884925741919423
946730	-1.33352897801247
948566	0.126616554630838
949122	0.454689243980024
945308	-0.916901402097832
945786	-0.620457565650002
946931	1.20766556572695
944830	-0.412451988317849
945847	-0.97802653908919
946391	-0.254628218306278
948679	-1.34939282265657
945346	-0.810201869762244
945466	2.01589902792951
945881	-0.381056035759573
945792	-0.473130664939168
945341	0.735566100237553
948488	-0.505643561989859
945309	-0.536015302168669
947601	-1.1816428876428
947144	0.124965752137146
947789	0.16545532264128
947205	-0.139539098823088
949001	1.31061628418658
5625562	-0.614221567334878
947140	0.448868443019904
945117	0.231489492652558
948654	0.620670839356957
946877	-1.56147496666599
946956	-0.664415629016117
948069	1.20636108569353
948412	-1.07643674412416
946921	0.338575900065598
948898	0.757245193848541
946695	-1.1302882839388
945824	-0.429250342971702
946940	1.05543342049403
947558	0.575734210981048
947574	-1.04497963866288
945160	1.58110192612719
945733	-0.729354787114683
946878	-0.143168655716773
948080	-2.4305941763498
944760	-0.737405071089144
948081	1.37061057734808
946010	0.396201553632776
945322	-1.72953915744279
948623	-0.368102925740167
7751620	-0.21303319569231
944950	0.00522994093697751
948533	0.081792343665246
948958	-0.662628445712532
947795	0.988884659108666
949090	-1.10884243862752
948460	0.765913982321425
945076	0.287307159129169
947675	-0.667989727389519
948169	-1.55537339321954
944912	-0.227252467045515
949083	0.866206705116208
947088	1.76894465668293
949066	-0.35077665212979
948902	-0.976712803055805
945484	0.645397665807588
946449	-1.99651640000153
945318	1.94047582917316
947484	-0.132279892121493
945649	0.0641102723510005
947965	-0.386028630446603
948304	0.459536205951666
947410	0.83682530285656
948222	-2.43377158846782
948452	-0.473145126972658
947539	1.74167242041407
945962	0.0470555492954588
948621	0.772321936529583
947589	0.898123310117829
947187	-0.359213503644659
945196	0.248127558327833
1450271	-0.886587509227092
947862	-0.138820963137309
946193	1.89399770237774
945909	0.623706530867416
947577	0.0143142174731988
945915	-1.04955795661392
945133	1.63152236784652
5061500	1.45751063306589
945452	-0.848592532386614
946059	-0.68647350033025
947215	0.354325210706978
947325	0.449578568955078
948031	-0.470816911620624
948378	-1.26342151618387
946981	-0.477787385812132
947901	-0.713176884190402
947643	-0.946591560313155
948177	0.0956998872956983
945598	-0.937639709283628
945017	0.535311447955372
947408	0.775083383861798
947442	-0.420973869127097
7751616	-0.685650191555595
944977	0.725482618432221
945872	1.48729099594923
945347	-0.208087267485875
948690	1.40286761380249
945664	0.752488663151609
948502	-0.48235479946652
948434	-0.0837815980179503
947455	0.677986004833166
946175	-1.5159212540894
948418	-1.20854109542432
946667	0.189576385354236
948576	0.530072439966752
7751618	1.6572005139407
946287	0.878792148627336
947607	-0.20183408626592
946543	0.46129615033472
947637	-0.592388004212303
948813	-0.185789734602831
946531	0.416121858808449
945766	-0.360312159952494
947766	1.03424410652483
945069	1.58895469706646
947495	-1.55766316147191
947314	0.104358962681213
947842	0.154047464570238
945828	-0.327282468081047
946718	0.654506917538777
2847762	-0.194616112033556
945207	1.45498219334485
946457	-1.11608983997605
946707	-0.75370546939097
947538	-1.73731244099572
948183	-1.6147533130494
946830	-0.561492554394799
947472	-0.245871862704459
948996	-0.342495469871656
945093	0.857981385858393
945073	-0.597817659937068
947780	-0.412104030939085
2847691	-0.903814361330315
945489	0.0216894814576087
946961	-1.01383931265361
946079	0.423882043818987
946359	-0.752476802675947
944994	2.00850576283162
948106	0.819696806089968
946713	-1.14063105348651
948074	0.802655320717684
948953	-0.202457974515257
945320	-1.10181856793849
947350	-0.21982493541578
947936	-0.211894858869084
947223	-2.45686942571181
945366	-0.232994175788289
945398	-0.87111931517546
947111	-0.77156305653721
945134	-0.999239564104702
948156	1.25953886312676
945195	-1.45416235120598
945745	-1.06318920100901
948277	-0.667006793663155
945012	2.72136511157557
948527	-0.274218232741804
948306	1.33557615184017
945720	0.307198585310897
947042	0.184753985576201
947106	-0.281068911442134
945985	-1.28980093385608
947908	0.680675402119767
945797	-0.654026403326191
947283	-2.19305424779853
944780	-2.06726666373402
945665	0.699287721701484
947662	-0.449438946531796
945338	-0.361737398203525
948542	0.0615527761158284
945521	-0.494958732912942
945727	0.780735520593809
948913	0.475763228087813
948104	-0.110879283672533
948343	-1.27153998515897
948546	-1.24295305890563
945126	0.173950268724494
946106	-1.19125813117657
947496	-0.578747735600893
946536	-1.22932572824555
948049	0.917582902265902
947931	1.61768785497912
948900	-2.02379535949806
948991	-0.247505046721233
945340	0.91509943706668
945505	-1.62736168862762
944966	-1.10304639729658
947183	-0.524222106605382
947979	0.0720514401034429
946109	-2.35107346672661
946048	-0.653920849125591
947584	0.406173305421638
946075	-0.612553021067622
947748	-0.355195719883547
948537	-1.004251324168
946618	-0.427647157145373
945253	-2.3236050107436
948528	-0.690517140711218
946083	-0.425754375327171
949112	-1.04828657470733
1450308	0.699980726765635
944909	0.740778370266519
947998	-0.0877912188146867
944940	0.697023828274927
948307	-0.00156024318573188
2847721	0.0615606778121071
945228	0.957575572674027
946105	2.05650413838999
944758	0.489946393382254
948605	0.946177501241843
948214	-0.022691788109058
948567	1.45329873008431
947020	0.275095211693529
946539	0.665340719221309
949075	-0.9734488535302
948837	0.614234616583586
948847	-0.09755064162892
2847745	0.778329228397612
948426	-0.209210364083753
949131	0.28762768961389
947682	-1.06378762301937
947872	1.01774278391963
945361	1.5854579752248
947890	-1.68032366625888
946488	1.06651141571468
945833	0.790200158913935
946404	-1.42046245335141
945571	0.76350466978235
949118	-0.0120103113825634
946017	0.295763524409926
945713	1.10224836128012
947762	1.35567151003973
948489	2.13355055180527
945788	0.472948649551716
945384	1.22729040640705
945753	1.34460594251484
948241	1.31778122413879
948259	0.192186912920669
946856	0.425421696520102
945685	-0.812687532807031
948753	0.477890023505896
947950	1.55836969067768
945292	-1.1259968879322
949050	0.234922312604554
947614	-1.37221638300954
948051	-0.273560487749475
945349	-0.347149615088397
946973	0.228133831710241
947771	0.870426676716322
947426	1.65545337952371
946819	-0.170942096050699
947630	-1.05395099669306
946597	-1.00981427808082
947480	0.330502013177797
944885	0.670563169595254
946443	-0.357183309642483
946797	0.963580379045039
945614	1.25439653912248
949095	1.83512826716943
947180	0.127020990146147
949123	-0.308443685708769
947243	-1.68748680835881
948446	-0.748813633154737
948362	2.10853259681865
946888	-2.17950354507222
945351	0.275848811267739
946975	1.02037671361597
944777	-1.1432638622196
945499	-0.93553888305743
946086	1.39471078282217
945314	0.547130660226855
948151	1.5044386227937
946024	-0.966584821249626
946027	0.00274461909730436
945644	-0.056291143832195
948611	-0.0818755886264976
948876	0.0851937783306378
946943	1.54144270614701
948436	0.885554562981306
945009	-0.156590964127635
949127	-0.873302621708788
948044	0.12978093315654
948864	0.271887704413558
945971	0.244504948151095
946289	-1.30636325505363
14678511	-0.959193453389725
948171	1.97102018059536
2847764	-0.991189190410092
947095	0.832084086371723
948988	-0.810320585357079
948686	-0.264114537599006
946253	-1.68438128273671
946867	-2.34429691024294
944820	0.321912999475803
946394	0.781439360370188
945212	0.900210779847194
2847708	-1.04352382980872
946290	-1.25595658357617
947534	0.503867318021525
946701	0.655093416321897
946810	-0.427860919794122
948335	0.901875892605675
944846	-0.124694083361196
947948	-0.476864580162438
948293	-0.578575013065481
947131	0.333086997340786
946649	-0.190628762888381
945966	2.82357477863168
947899	-0.592555056728231
945611	-1.07415525356141
946679	-0.840345812595114
948140	1.49563385334063
945991	0.0114336693680463
5625561	0.797847954516823
948585	1.25997649337919
2847673	-1.42170831271453
946519	-0.99085313768864
946995	-0.570333323789828
945961	-0.570745360842532
945658	0.73414952571718
945040	-0.519868952642096
5625574	0.583277253586298
945218	-1.34114536550131
944936	0.574694045241257
945051	0.215787943480096
946478	-1.1339828344827
947047	0.434787653800793
2847702	-1.09159022272238
7751615	0.647975707198176
945390	1.74919655724841
947734	2.03077694569895
947364	-0.268687137303388
946739	1.03633518628704
948079	-0.190173636692238
948388	1.25664061219145
948374	0.823515956879964
946382	-1.15912494991618
946311	-1.14429647488185
946595	-0.722897046323019
948897	-1.92656533537103
1450295	-0.286452195292362
945634	0.656390604459264
946533	-2.46280749319794
5061525	-0.90150068780594
946014	-0.594433378122858
4056025	-1.14247093934467
949011	1.06561258196958
946293	0.221765550676153
945496	-1.20766836904128
1450310	1.67262853930448
945530	1.07832938333432
944751	1.03681986443603
945041	-0.0511112242756454
946410	0.189180025562271
949004	-0.119783538252991
947859	-0.954162212075749
946316	0.848965407735174
5625558	-0.389824350105154
945769	1.51496833155884
944916	-1.54808288475235
945027	-1.44820632559509
945296	1.42726902179668
945877	0.168427639608144
5061510	-0.845330248314309
947470	1.06939781749414
947605	0.156534889628956
947546	-0.0425237765546741
948135	-1.23327724059508
947800	1.47107072773665
948119	1.20048269240454
945075	-0.630173054817307
944866	0.321808037452187
948336	-0.706790227535488
945754	0.763537696743238
945953	-0.53527166043368
945043	-0.364923098176146
946331	-0.977986097748675
948219	0.319504711241761
945723	1.10767322041453
946126	-0.966481185817566
945371	-0.315886552889238
945367	-0.382391289724867
946095	0.658086059359622
946482	-1.51146886938701
945150	-1.15960203361387
948569	-0.703548282416963
948536	1.27901898087272
947498	-0.586710690211382
947031	-0.199691576057781
947391	0.709638115161567
945399	0.039893221761492
947216	0.123937706974143
946736	1.20973781268159
946179	-0.123834840928364
947555	0.361625326976181
5625555	-0.70328533457756
948911	-0.747253013098066
947749	-0.0106339972001586
2847726	0.921986734373903
947845	0.143494957166664
947136	0.46391423986234
947149	0.74011470852449
945376	0.35293938629312
7751646	-1.21626957153672
946709	-0.378927557131953
945667	0.534288662925956
946997	0.819413251233608
948777	-1.28351497638873
2847763	-0.582597341420908
945687	-0.655112864771757
946740	1.15242161166869
945749	-0.412729915032897
946458	0.551295643712652
945387	-2.02308268791499
946600	-0.864523498902629
945238	0.0544013213680854
2847765	1.25374427118279
946356	2.82669725587918
947593	-0.783926622430089
948919	-0.91634506553293
947897	0.445752801041644
946957	0.848029702749992
948798	-1.20148731544631
947954	-0.751230210019482
948581	0.954536801568737
947813	2.10953800654286
945779	1.98014244009931
948722	-1.3007639530769
2847753	-0.0171343283495398
948319	-1.0454936756778
949069	0.457531383128513
947663	-0.950821337847536
949002	-0.220435892394895
945522	-0.0171894652479011
944989	0.294725723396431
945404	-0.691389642512891
946118	-0.220230611818589
948727	-0.191983279847912
946501	0.856840871755188
947621	0.161414255975073
7751628	1.54407403700445
945947	-0.991743698914409
947746	0.460860908912694
948411	-1.50496668015318
948013	1.22427679267634
944965	-0.806191102771699
945992	-1.30946933389481
947923	-1.83546243789586
945442	0.995682591584576
945904	0.239460967354257
947858	0.111273733608204
948100	-0.133854147250922
945980	-0.171456149394498
947514	1.52158550688073
948704	0.190717432183474
945646	-0.646945212007548
946012	1.16808058928608
948064	-0.250439780149239
945198	0.35642828124575
945868	1.64140655202749
947609	-0.108433586182426
945758	0.695299255399088
948496	-0.496507489326919
945121	0.660262517201134
946516	0.332772465553688
948178	1.24462773668207
945114	-1.40422641991587
946698	-0.260889913677076
949037	-1.06460935212635
946489	0.948173326660032
947687	1.28042100075089
948168	0.471318375765483
947297	-1.22138003917587
946578	0.624464474358273
947185	-1.68436876365785
945289	-0.439012939099374
946214	0.610428379908686
945555	-0.892864745937685
946922	0.0362181716979116
945412	0.162274917511787
945844	0.0829406950885663
945968	-0.561098477960251
945124	0.0830035534982612
945605	0.438315107874669
948175	1.56687333669171
948883	-1.90761775854663
946601	0.160712002264201
945262	0.705749111220404
946876	-0.564201275065135
945901	-0.249733656649734
947894	-0.189677152063741
947435	0.554881340528021
948112	-0.877510231537579
948348	1.17396959229893
946070	0.384100973334425
949005	1.13953849618016
946152	0.624843297708175
1450279	-0.332193663480095
948896	-0.520513900635263
2847704	-0.686990371149954
944863	0.79748021088802
947569	0.761381927338452
949128	0.733504244252848
946491	0.683965447930831
947916	-0.450108808052146
946580	-0.311406687079077
948625	-0.0488253274508906
946692	0.087992148525559
946454	0.981588350724848
945777	-0.959540342409664
948148	0.999626750523242
947963	-0.252883836654462
945743	-1.95583376448665
945278	-0.495424910450773
944914	0.730217295341687
946980	2.4912996669285
948379	1.0032710945665
947466	0.387270094277434
945741	-1.29426843373976
948643	0.347539198648018
949048	1.22963872148834
945136	-0.376218311414218
947158	0.797935726419475
948725	0.688335819773446
947726	-0.547967418134932
948373	1.85058214296762
948305	-0.141299319362142
946554	0.80964523320155
945967	-0.22129296824791
945370	-0.498491142962099
946329	1.62927103695726
948483	0.156616443354164
948116	1.00908258190763
946631	1.04797641034052
944889	0.467452156485044
945682	0.291168482933708
947678	0.357669227826158
947507	-0.0680069955626026
946448	-0.248977359171509
946734	-0.753518700282743
947076	-1.85816143077772
945038	0.246356942332394
949034	0.209182468470555
946036	0.704481851080662
946073	0.569869968532868
947922	0.496431053935442
947735	0.0434452558215545
946885	0.592357811612377
946049	-2.02264409689389
948466	-0.602040766907404
948573	-0.338762430170092
947674	-0.807803775444908
948626	-0.579928697541633
948832	1.35079651361718
947793	-1.12841584580298
944925	0.470537615272128
946583	-0.8744995599748
948691	0.656502359160781
1450245	1.22576124666672
945948	-0.482607334068171
947390	1.08631667341789
946781	1.26215627916049
946632	2.33979324974671
945216	0.272100622232084
946686	2.94885291703691
948999	-0.296711117283928
947738	0.148368147695063
946038	-0.748726148288181
948840	2.09668441100946
948597	0.385160044065441
948530	1.17232561235047
947019	0.104261848956774
945026	-1.17002031900533
947563	-1.14940179194963
945002	0.0338188839598624
946532	-0.0364467439675817
944808	-1.23080838476058
947487	-0.345278333132629
945378	0.339181725933186
946664	-0.628779412488868
946495	1.04821548620086
946507	0.748231893462495
944921	0.217629172804
945756	0.95161796996526
946744	-0.462370905953606
945220	1.31191695509709
945328	2.1773869569297
947446	-0.397736466401282
945905	2.21148093862233
948422	0.319670094631177
946917	0.499060037353732
947838	0.0771162040753896
946019	0.113109052231425
945201	-0.790035534376023
946453	0.771901002141324
946149	-1.30474651890918
944954	0.472745401197795
948068	-0.607300780735178
945383	-0.617470795931227
946517	1.40580933667208
948707	0.419230081359865
948403	-1.3587066516382
948523	0.872169159183167
946626	-0.300928647471441
945065	-0.718342634796677
946678	-0.672684016642128
948237	0.0973133011013997
947171	-0.517241265355566
948792	-0.445721248730649
948729	-0.202770850850354
1450286	0.272352955820583
948327	0.711111577944155
1450240	-2.95363730969134
948297	-1.48082612220792
945518	-0.104945628661573
946414	-0.696046916091951
947054	0.399895211653848
944984	-0.346918064433005
948612	-0.289243101243622
945352	-0.413018710752579
947353	0.925728278653916
945155	0.00131919381081138
944957	0.682598203062375
948863	0.679541700267119
946249	0.423278275922907
945636	0.218865056461026
948677	-1.77976466207184
1450232	0.144020895305467
947266	-0.125870017858559
946353	-0.00518646966409944
948853	-0.229205649887217
949077	0.782659801487745
945194	0.670196223570207
7751635	-0.016100515330512
945538	-0.354398129647626
947259	-0.340242631163788
945380	-0.77473046735203
5061515	-2.01100129485123
945428	-0.317521981474514
947274	-0.577684354600114
947361	0.410873457224884
947485	0.16426603415387
946172	1.47137029501713
945573	-0.716981487565022
948703	0.823647000694347
948830	-0.0708902298128883
948043	-0.41409531891663
946339	1.14961894629241
948299	-0.387438384328907
948819	1.57134542638453
945408	-0.678775669810033
945461	0.731612473055251
947303	-1.93534562618593
945231	-1.2592451897217
948424	-0.702252098099749
946912	-1.63474620989628
947997	2.29713063102807
944740	-0.131805212709417
947532	-1.49588674702032
948318	-1.84313477809902
945479	0.0390816867703832
945920	0.57444611750466
945148	-0.127977260078157
947087	-0.258972930881075
945578	2.14165172350065
948012	-0.392876379263174
944993	-0.637996197280431
948207	0.511021275433757
946210	0.305605194503039
948607	0.513859229409977
948659	-0.453804282701795
945535	0.41341854077376
945111	-0.777781271435042
947203	-0.358621100902282
945588	0.179322777653114
944880	0.476018076064723
947298	1.38445699561573
944854	1.97031701424956
946269	-0.569363147313893
946195	-0.666409413685221
946184	-1.00383792908646
946420	0.126041445121282
946774	-0.68415435958511
945952	0.562110681175662
2847674	-0.539454230511383
946759	-0.530592593578059
945999	-0.258814941530102
947172	-0.130640110850906
948889	1.69921436988209
948817	1.08732125650199
946670	0.840120047623865
946103	0.200585066638698
946117	-0.152456913723971
947288	0.415513226375821
947192	1.35401045595096
948356	-0.222124801563022
949103	0.794200145601175
947306	0.0627343832799539
948153	0.59556841644542
946814	0.282737516438796
945140	-0.578581360576509
945240	0.453948361035621
945339	-1.93418975804702
947348	0.326720843453862
946588	0.148930252987306
946925	0.240437321647201
946992	-0.298010213969586
946040	0.874165098316713
946988	-0.845430206714038
947138	0.426793115457682
945401	-0.650559273719996
947691	-0.537790326694785
948349	1.24609816187836
946141	0.073839817171271
948313	0.504465138951924
947664	-0.461848464455518
947529	0.169181637979409
947313	-0.386489539587286
1450236	1.92376031569103
945254	0.341415983562286
946383	-0.674280987255494
947612	-0.383841937715093
945353	-0.981464528212982
946063	-1.17539313633159
947425	-1.57323878609566
948435	-1.57053803561126
948579	-0.348813704562146
948990	-1.57945229859886
946398	-0.794562221712792
948779	-1.2438367913202
944788	2.10145172882612
945774	0.313658859478383
946611	1.18773770863955
946538	1.44293466426195
1450290	2.354422441572
946634	-0.546543225308664
1450249	-0.983634526841598
947628	-0.117902209545183
946620	-0.915315192094025
947228	-1.33400425335645
947477	-0.546092927617611
945656	-0.754632342534681
947033	-1.15599180718773
949084	-0.326899398859458
948793	1.47955823000856
949092	-1.83131369090647
946224	-2.46840677368603
947552	-0.881013378613385
948630	-0.299310317359443
945914	-0.367142837727814
946101	-0.661102809689975
945994	-1.42804983679212
945310	-0.149525909050933
946261	0.586664062269757
947101	-1.54745207131782
945750	2.19055777060028
946306	-2.45148216081546
944872	0.926295027024975
946909	1.61183392825721
948875	0.109065701220493
946163	0.149366604360567
946857	0.356502885247051
945523	-1.27827126588953
947001	1.2610183197926
946677	-0.119088244132886
948430	0.250603576750821
944938	-0.323695211710205
946648	0.682046487364703
947344	-0.0273388707012371
946666	1.10461471466178
944879	-0.251693622586318
946565	0.259513906951893
1450301	1.29507312694407
946262	0.191523722661468
948724	0.0642427386101471
945771	0.00394984699796946
947399	0.0143944188097968
948328	-0.578419735341709
5061506	-1.32397718452854
946030	-0.393711618910394
947819	2.21205741327852
945236	-0.631553032374947
947961	0.538140974633544
946315	-0.294823503737072
945460	-1.80143069709261
945710	0.284889465731755
946960	2.56756078493453
946607	-1.55694183547091
948467	-1.30754147957586
945492	0.552940598100613
947014	0.161593678228362
945394	-0.614120750942468
947029	1.22591110445814
945447	0.90758614787037
949054	0.791115474535307
945526	1.73525623078219
945004	-0.707973468397111
945357	-0.339686253771944
947927	-0.116710399519598
948321	1.19991498781557
945008	-0.432357525925199
946319	-0.602572114075981
945162	-0.138788332126559
945485	-1.30758317778366
946265	0.833525125930112
945266	0.484952396107541
947037	-0.210320864896856
945939	0.455208647932581
948580	-0.839439492014564
947849	1.20068151169666
945942	-0.319602486495876
947608	-0.206377947164496
945854	-0.448367894772306
945977	0.613694482142648
948922	1.06185400852003
948992	-0.429510212475378
947402	0.372708189614341
947475	-0.302208565207032
946176	0.114221222186088
947323	0.754728258875408
946441	-0.643701628892399
944952	0.836765567023953
945978	-0.850366557018341
947090	0.610488072526686
946374	1.28071218464863
946390	-0.253348108472574
948869	-0.195712403573104
944946	0.00960506251401018
948211	0.384124153896404
944853	0.0371787610851581
948809	-0.887677624722537
948843	-0.357041809317692
944850	1.50226311406349
946130	-0.273439471845314
946434	-0.524854195299454
947582	-0.129183480955601
946970	-0.457980374002247
946100	0.276666768559953
945697	0.0123424016635539
948341	-0.447112095274259
948408	0.1656487861657
948632	-1.65091214066569
4056042	-1.47506496305737
945921	-0.138030229109564
946336	-0.729274432232965
945671	0.610567650276508
946463	0.885668782522576
948968	0.121947048970447
946843	-0.4061575469064
947727	1.77493226832305
944773	-0.598954932716879
948977	0.850183998837661
945563	-0.470523473733221
948742	-0.482607893581274
945924	0.318563294186696
948957	-0.219235856249307
946778	1.13448483453979
947331	0.700046292316612
2847759	-0.469672856631966
947315	0.0952651542941713
944996	1.01317078833361
946989	0.456663598169925
945632	0.416829336602021
946728	0.23617747029065
946367	-1.19816316135532
944955	-0.253481000928337
947230	0.235509104673817
947190	-0.13296078016776
949040	1.07051260227598
946351	-1.3088672285226
946461	0.748760882751936
944990	0.177118002997695
5061505	0.216056193222497
945957	-0.260256642751049
5625559	0.4268901261167
4056035	-0.545165055518186
947081	-0.767393602840621
945431	-1.08569496494859
948532	-1.05333634935037
945161	0.386760470877098
946779	-0.0747130112302755
944969	0.347410630525098
948249	1.67137257307987
947261	-0.233130892352876
945355	-1.29497362494299
5625563	0.944948184324181
947802	0.435995226964264
945817	1.45243955958231
946007	-1.15984903678632
948016	-0.697616742680084
944843	1.25436768934164
948477	0.0160758699084955
947783	-1.36283216483146
945418	-1.69584821674354
946347	0.225675940414911
946166	0.520617542923153
947327	0.431576978556206
948794	-0.451726566781342
944785	1.13784103249156
946432	0.334693446348244
947778	-0.599512560484189
944986	-0.236623267377661
947753	-0.665844329491205
947703	0.343140381240422
2847749	-0.262997226085824
946128	1.00198697711135
947016	-0.608161539547163
944956	0.0461799193596425
947755	1.7206769586291
945640	0.00440909449192078
948881	2.23761495056226
945057	1.1470966671969
1450233	-0.984972717455124
948060	-0.518164779634503
948512	-1.10720492754322
947542	-2.56653420947989
946408	-1.57658433203062
945965	0.728351928493307
948351	0.711178718288675
948571	1.65344484860504
947932	0.575417013502261
946569	-0.349029405523814
948157	0.244805167767832
945613	1.78123179489015
948578	-0.0516132850546773
945229	0.462507933180376
946986	-0.993825772312561
945183	2.2391973440827
946911	-1.28650186808861
945554	0.0684814480040759
944976	-1.26617827222388
948212	-0.28420164637038
947122	-0.537259157324244
946002	-0.489977644350466
945301	-0.226644059621804
947418	-0.40714768272368
947953	-1.28055925874847
947776	-0.982444238412403
948834	0.666498176791431
948556	1.3489334540696
947700	0.451811811421465
7751644	-0.0163193913957308
944941	-1.09772532993137
949017	-1.36686466376337
945237	1.84865351393455
945806	0.619189652027081
946530	1.28099830586256
946860	-1.36887200393682
945647	-0.952070046983505
946561	-0.413948744721017
946077	-0.939124277306366
945650	-1.1705417101629
945172	-0.360465267933479
945843	0.165644377755787
948520	-1.07773353103186
948937	0.64973229630581
947717	-0.819151877965999
5061499	2.36221088968632
945562	0.117007616211764
945173	-2.10358595835254
948323	0.972800239129174
945619	-1.8826025097876
947661	-1.85135026830669
945013	-0.151786053896017
948966	0.0516411285727902
946963	-0.071311595956118
946190	-1.19925718182878
945213	-0.136755884099168
947302	-1.05495743330946
946771	-0.980336967622179
948661	-1.70381637621212
947929	0.78948073801011
945060	-1.33110498088074
945486	-0.324466039644765
947438	-0.870192863419327
946169	-0.43450658721245
948354	1.14041526540171
948113	1.64786744646956
946127	0.642357643825542
945810	0.607698485686276
2847737	1.61316941969038
944792	-0.194305934714995
945892	-0.667895399637139
946279	-1.36315073152766
5061522	-1.04362248453034
948831	0.939442765570516
945457	2.2427411873861
944905	-1.81889270742874
945527	-0.329167631690159
946352	-0.105555727000347
946972	0.156613786449214
946043	-1.02145976494038
946385	1.11871810802654
947417	2.03386400492878
947000	-0.486885747868412
947526	1.42809040816493
947321	-1.19305610187333
948476	0.143995112792278
945668	1.45480427336683
948681	0.903418393419254
944822	-0.447738419308755
945422	0.0901288977813557
944855	-0.480831727119314
947492	-1.11261428382499
949032	-0.743470082869435
948402	0.945683136074092
945993	-0.10819183444812
945722	-1.10204153736217
946612	1.73689515314327
947378	-0.515870936274826
948262	-0.997651591191122
946264	0.0747307008408679
947393	1.62041469718082
948797	-0.251943523528889
945491	0.510536137105975
947513	0.210824065023987
946831	-0.301929521654536
946487	-1.98173921826656
948629	-0.727592887406841
946641	-0.744645621031133
2847751	0.833022579030881
945938	0.813075039936076
946990	-0.134775019683884
948723	-0.800894209621158
948640	0.815969257647647
945265	-0.606701892125315
945837	-1.12411111739839
945001	0.74568853639533
947134	-0.526479284373155
945360	-0.628201875392593
948627	0.851226517764247
946247	-0.550654648234352
948011	0.477780559587431
944752	-1.26582213178182
946313	1.33996315720488
945165	-0.710308491784409
944926	1.86408166752106
8764969	-0.542522369106643
947059	-0.261181164939779
945841	0.842014985277046
945303	1.86317071472874
948162	-1.56576782466959
946633	0.621168202977132
946180	-0.851219676949279
947723	1.55779906822012
948367	0.231671896685916
948815	0.649585427235065
948859	1.32324664381816
946357	-0.0729588567670655
945402	1.3913336919366
947815	-0.27281637622547
949060	0.282463332883494
946304	0.272638280510127
945876	-0.137458974727852
946428	0.693489738850973
948216	1.49712443253011
947208	0.561255439091269
945663	0.901967614824638
947745	0.0777894404036937
948765	-0.106838346958769
947404	-0.568735252999021
949007	0.611673759957189
946194	-1.23241638922116
947116	-1.12781652971785
945666	2.1034741800264
948506	-0.748570728508604
945639	-2.71935951188996
946570	-0.512913696809884
945679	0.635854204135538
946644	-1.38867287085917
946395	-1.05221205256398
946675	0.599617166932833
945856	1.1894386586364
947084	0.38212031247257
2847730	-0.529500480996492
946456	-1.17853751569106
945203	0.680550674127096
945274	-2.06883108809429
946900	0.671933687992866
948665	-0.0644290462577357
5625557	-0.727559825441388
946585	-1.03964162964578
947986	0.133785962748849
948505	1.01116759084439
944980	0.856444620400454
948768	0.289446645497866
946425	-3.45823267903309
947818	-1.71618687185205
947304	-0.564483970413409
948904	-0.98467610189232
947152	-0.126877265707166
947219	0.324284960760136
948090	0.340993313228102
948933	0.120995640856514
948587	0.616673013609753
947352	0.22130380421073
945760	-0.117432809800394
945209	1.3621333403894
947392	-1.30244165011883
947482	-0.17046645753691
947419	0.254369271769214
947846	0.370372364362704
947253	-0.78785898322009
946616	-0.460394980430133
948365	-0.403548589114118
945969	0.236060355393891
1450274	0.921575715615168
948227	0.609411759681467
944887	-1.27680775817045
944923	-0.25717558862456
948959	1.51182077804066
947282	0.0497625017737561
948382	1.4432174066087
945683	0.443643407229411
945944	0.679428403092544
948861	-0.258345218030447
945184	0.304360333372625
947056	-0.408935018892173
945464	-0.497199426607461
948050	0.738665217942661
947049	0.00234452035440618
948360	-0.456023516672182
945949	-0.161438818252156
945235	0.894459449002175
945067	-1.15386376762483
944901	-0.752629135075907
945280	0.908036116100337
946388	-1.35963932709172
949042	0.501463009672908
946824	1.63332313237724
945807	-1.28322281925976
947476	-0.0863193204978579
944861	-0.0501099711944439
945285	-0.525326003930667
948298	2.69016799209582
948372	0.94996638736133
948234	-0.243549589402947
949109	0.118000053806073
948693	0.815231110434183
946680	0.402822160998849
7751619	1.39484797168643
948072	0.289350789030481
947421	-1.23618203919341
945677	0.223100959154735
946361	1.50282964697518
947242	0.716443565376612
944971	1.69792485773898
948732	-0.619807814301241
947554	-0.370285132835897
945718	-0.777325450053738
946906	0.803073333963522
948552	1.30625938954069
945435	-0.847912796873961
2847697	-0.590776501933503
946207	-1.11586709229798
944791	0.18670701025284
946893	0.479669763202084
944988	0.0930464422685781
946208	0.635077530697862
944948	1.14245848797543
948521	0.14433393393085
947457	1.5327945521353
947616	0.606081758031593
945245	0.0559252145086041
945716	1.11220148171458
945950	-1.56783824442273
947093	1.16855697910531
948037	1.62648663424541
947774	0.246239619744303
947543	0.236592923761523
949041	-0.317201659457238
946808	0.332576372329872
947560	0.274148636725848
945141	0.0297320510590038
945453	0.383254499168464
945307	0.573289976540156
946568	0.0882391652442927
945132	0.213412493948893
948564	0.556001383500117
944839	0.0597567861362809
944875	-0.602266854168071
944877	-1.88902097900638
945612	-1.54635354185514
946847	0.541294801687538
947366	-0.0136977469074067
2847669	-0.417687954326138
948409	0.286169000901941
945755	-3.34943772578005
946553	-0.231629580207603
945029	-1.89118413228771
5061529	1.10217722156041
948161	-0.181677466877732
946091	-0.275770674829307
947130	-0.0219549609739203
947070	1.06547346096222
945295	0.28404670707412
944864	1.40535056628209
944851	0.0335613492433642
947828	-0.24877669879276
945818	0.385890215097878
947618	0.307606272621081
947602	-2.31712701931829
948596	1.23927768735539
2847720	-0.429672239152995
947295	0.225138510796147
948899	0.763339186235449
945831	0.0650472899500067
947024	-0.74051017569395
947292	1.02396923102507
948800	0.936333897964365
948868	-0.320809359846806
945306	0.327761686643533
948986	-0.940658310293365
946435	-2.06905560067426
2847705	-1.71395475010117
946085	-0.786286351928092
947754	0.397533754998321
946303	-0.0169944246886195
948357	1.08397865737314
946246	-0.342485014905513
945110	0.150091790462994
949113	-1.13803488704013
946366	0.850634279201277
947597	-0.951193125017044
946691	-0.476776881594628
945925	-0.40595016104484
944933	-1.73018397042963
948935	0.67319415829168
946777	0.00748009585734899
948158	0.735466771570722
948759	0.00992058899222021
948471	-0.987123836445254
947868	-0.857302048455876
948572	0.904563411097778
945084	0.815900803366043
947711	-1.15432666966076
945654	0.415697840703479
946436	-1.01997971650516
948828	0.282137399530211
946535	0.193090594597706
948747	-1.09675258549906
949072	0.939296108373774
948272	-0.574537966361501
947278	-0.17986379557687
945814	-0.692522377049708
948547	0.515023868010917
949027	1.28575372863383
947264	0.870630878881159
945582	-0.887708618864263
948610	-0.739340878432391
946890	0.242194202096262
946653	0.0851531151133506
945642	1.62791592020645
948557	-0.624703678156547
946765	-0.642508051158137
945737	0.866390182002802
945381	1.6386612046539
946242	0.466607323726152
945520	-0.909323400983722
2847714	-0.847398072068325
946805	-0.710681933396249
946775	-1.13120693382451
945167	-0.127204685413096
945794	0.470435837530827
947757	0.398852830054212
945159	-0.845050114957682
945937	0.919775594870903
945451	-1.47519476850139
945802	2.0626112393451
945359	0.310793794301985
947588	-1.20038482703793
947977	-0.531688680735857
947807	-0.725183582609714
946466	-0.37134240830092
947008	0.854645069258486
945414	-1.0105591261927
947841	-2.17867660444026
946415	-1.16818079573861
946551	0.334437694151451
945503	-1.46462679402617
947405	-0.780524114868533
945903	0.0736556489680421
944867	0.627872515822075
948593	-1.22165123451453
946958	0.522909797898424
945415	1.07562479403546
946655	0.992777858718312
948973	0.389651671513287
945927	0.463173998782761
945672	-1.28263420001535
948322	-0.381499511305368
947009	1.25973232299747
946196	-0.290366484780248
945305	0.215833039542567
5625580	-0.650518452122125
945103	-0.319795853369063
944958	0.575843062106428
948196	-0.35065651589675
945494	-1.90313973148806
948366	-0.0179500990661293
946942	0.249272192504619
948316	-0.900561044785922
944983	-0.0644550785783799
947919	0.693410610087129
947820	-0.976356490059641
946129	1.49808728379273
948329	0.079541081234378
945454	1.86602264185624
947202	0.346864910381293
947490	-0.0280254264799224
948487	-1.16155568075863
947875	0.132587690347287
946934	0.351825223423943
945591	-1.18307692985736
945221	-0.0449504649129733
946433	1.19753280694497
946687	-0.072941761902647
949073	-0.40856063671989
948559	0.211559472969172
946412	-3.08004259636199
947592	0.469245105796009
946784	0.130643169375423
948250	-1.25492796343659
945261	-1.16796104795056
946791	2.14685801529828
947251	-0.54857915060156
947397	1.68837373542588
945131	-1.21489396679159
948891	-0.671443981994586
945553	0.0644412349345151
945080	-0.85047460071858
946393	0.736814781029515
