x
102640669	-1.15259947590921
102638623	0.464160706155456
219228	0.728932466150227
100861679	0.410617452175438
17235	-1.46114720065474
18488	-0.0189080873864195
66443	1.69344782059147
107375	0.00939060979946588
21769	0.496784993367652
102635074	0.16679880844254
245555	-0.236924039049699
70082	0.444865787850474
102639553	-1.25402806900136
12224	0.0338742328838564
55963	0.0116704267240183
27220	1.15489066205049
102636468	1.20726759909512
102643107	-0.628923592619225
102643210	1.37142363069089
320571	0.732500567541479
21428	0.348759059736198
381072	0.48657874717046
215274	0.322041805542689
53404	-0.771495285381297
13648	-2.22680297720342
102635117	2.38130817558502
56527	0.436279725606003
70026	-0.12177158913026
218232	2.34218522945263
102639442	-0.643507354504416
18752	0.381491724542109
73721	0.636996206451118
102642666	-1.0992976726532
75568	0.409819749378968
328066	0.570341133998831
70799	-0.0228443839338028
102635480	-0.396439476702604
257892	-0.064097900403921
83429	1.17692462996514
102633442	-0.687749630710056
102641739	-1.29808260614359
68753	-0.916431382258323
57837	-0.695423538030352
66773	-1.83717611876478
237890	1.14152616863681
18998	-0.512713546770041
58991	0.838812954778121
70226	1.22561403310944
102636580	0.681559046710635
102640627	-1.31847922703559
102641726	0.619811980287662
102636219	-0.0384113965452908
102637722	0.825574667231698
102639317	1.86827949283201
232944	-0.0566628870622216
102638430	0.908031419555602
102633157	-0.221630960948312
102637485	0.372059740157474
234889	1.25503539294355
102636729	0.661242528715924
17112	-0.513346088591904
258773	1.36061405143517
75986	-0.711697633380498
28185	-0.355009715680302
15452	-0.461523185314744
102643096	-0.569670639585718
16642	1.1041290327808
15467	-0.75045659926689
102638090	1.31595303034732
320981	-0.534512005768386
12977	-0.884157422765196
102641570	-1.17961086227172
226791	-0.721661017257325
76683	-0.150555626929716
26877	-0.192122314621513
244895	-0.98034303713905
68045	-0.345012315464672
57170	-0.975098524226757
66930	-1.07810017520861
102631869	-2.00855619434534
16922	-0.725936586474631
235435	1.31082397498394
72823	-0.321539926283123
78725	-1.4062167849508
100384868	0.0247850112957728
228151	0.890437347551997
433099	-0.226106217575994
102638233	-0.197478637866433
102640358	-0.241754770209057
433111	-0.933001165829049
72074	-1.44407520315573
102636654	1.5190783771747
102643102	-0.0903119515047818
15970	0.00103966699104357
72027	0.339895740580369
11655	0.0774955811627114
207157	1.32949170295857
102633225	0.450403452411245
100126777	-1.40159047916533
56526	-0.672144584912755
102641544	0.35749012984238
11652	-0.131405658188892
100502982	-0.161293662002252
102643269	-1.29463487411421
226278	-0.79619214852572
319673	-0.933523650584882
76980	-0.809038602815641
329910	1.55815683302613
100040885	1.73311478509472
21388	0.13544482083964
67020	-1.12346745516807
66052	1.28513488934954
102466836	-0.948655996788762
102637832	-0.338517081378128
76485	0.392934878756036
100379609	1.67191845637285
72399	-0.593485401814845
387514	1.48957452186665
102636288	0.225422309142259
67160	-1.11994171745943
11988	-0.302075731958258
11768	-0.2371389197358
17470	-1.19580275947179
230234	1.47760971500922
102642803	1.08851640246582
100124462	1.19812087009327
93697	0.180084353483927
75622	-1.50481335875313
21849	-0.0137476332559299
102632276	0.543727688629537
102637788	-0.23859749344922
68190	0.657264592425432
434377	1.08345053078584
19224	1.00743090001359
228788	-1.02684777074307
100041874	1.08459901897314
17390	0.669994744813576
100503240	0.140807189912703
170757	0.993791194965516
252868	-0.24401433685176
27390	-1.42185208847176
102631684	0.102694258240347
102633963	0.670181115810209
72085	-0.831990821782703
102633106	-0.686139186286497
404308	-1.33395142016547
751522	0.022334519718812
100503470	0.336278022039315
100042625	-1.08976145362825
102636214	-1.5078534305561
19732	0.436584496911778
73382	-1.02285857307315
102633757	1.51524367246934
102635003	1.98283730363339
238317	-0.349846511494444
66451	-0.197754053087498
672763	-1.09393609499053
620672	1.82632905111725
100042513	1.56361997096024
328235	0.604449329987778
66407	-2.00024807201976
225115	-1.20299411454275
18094	0.298314494693717
102634680	-0.679873970853371
102631774	1.51937501541594
102634732	1.89482724561562
100048534	-1.22095251831306
347740	-0.517440041808148
545902	-1.05899827848475
67966	-0.284731618791387
14709	0.630991896296555
13202	-0.614763968232479
230696	1.0938246933725
66659	-0.93443495579742
624931	-0.818234363714754
102641441	-0.0603110429026082
75569	0.396011978236055
258935	0.534820354014824
16776	1.42122807037147
23796	-1.04234509405263
102639837	0.80456922258827
381792	1.05048344189987
72997	0.12141456268351
27528	-2.14369028766964
102635671	1.1461579210502
102642555	3.1647983494106
102633141	1.15332140013753
102632507	0.897494765421913
102640211	0.00354005882964887
67011	2.42252111442247
81535	0.11388295568168
14693	0.0670929539712468
102636341	1.19320766471532
75964	1.08698991225331
26417	0.179657094006312
102640215	-1.15321764962324
102632962	0.509600233584806
234863	-0.145840515561641
102633000	-0.825533247075526
620079	0.0935555285015241
105988	0.536690120558621
75425	0.166316953980302
72326	-0.175503818443683
666122	1.33083960018704
102641089	0.00024318497019107
69408	-1.46795704204489
630499	-1.42490606752313
239530	-0.64756889964733
102465572	-0.795299890067166
13612	-0.275517517713691
102642342	-0.00505052875412097
52858	0.561223330347547
102636990	1.1326302072085
102639966	0.501710006058322
102642938	0.402340472075018
257666	-2.06425335656721
70625	-0.0221734997794366
449521	0.903502347359774
16624	-1.2270733398065
100316716	0.547622433264295
224813	-1.78523497006304
14775	-0.555414540583413
235028	-1.58919086502774
75087	-1.22749611865898
102639040	-0.654300212212806
259165	0.106228606010508
102465785	0.441155069890817
102465224	0.556511663155964
106298	0.392834602222752
102640164	-1.83234280054636
217893	-0.439400835438651
94088	-2.52781512092427
67300	0.130513926891815
242406	-1.19524056868618
12051	-1.3221152754666
102640262	0.27541444842048
110082	-0.87819030681127
328829	-0.862189515970293
74653	0.957989974580187
56421	-0.0758011943904932
102637016	-0.312576407901643
381284	0.913475108324311
268591	-1.75065240643728
330403	1.31855424756153
102639455	-0.1362557028548
353499	2.35447713527113
26405	-0.759906660743021
100502945	-1.22076698308117
100862366	-1.26977253347084
102639458	-0.786891177651549
102640355	0.376402600184866
75341	-1.37884826216938
11555	-0.460485186526376
106931	0.423786269179717
671535	-0.00519346637332052
67344	-0.309364074040969
102641062	0.311665232831999
102633502	-0.986259443727687
240752	0.374255049748495
621677	-0.623373377899828
102642011	0.155027232198268
71733	1.77054533953624
102636132	-1.39687466442967
623849	-0.864056736010847
53611	-0.764240505581799
72080	-0.25174775727323
102641237	-1.2550712315273
102631634	-0.729316543925222
72056	0.19120919158938
75193	-1.1197192248719
270160	0.348320054254026
446101	-0.711064274722092
14792	0.143561614884176
102632782	-0.268631627813168
27387	-0.595343235796284
404312	-1.90222126301677
18223	-1.81711293313128
102635057	1.1003662873017
27392	1.21092105385771
102638763	0.18351570776357
102642169	-1.12107150609633
102636627	0.856822479199123
100041879	0.25553778649181
108664	0.958897989382317
22282	0.950917578477364
280662	0.00965064510978426
449000	-0.278370312011817
74846	-0.105518884144946
102634726	0.649034396168933
102641323	1.37196832788778
102633506	-0.337875357662743
258206	0.284641522117977
102641632	-2.07348891233915
258690	0.531704079516211
102640376	1.60946094628472
102465217	0.88418218747505
26424	1.48218643396248
54445	1.3972726424341
218271	-0.418350884242726
214133	-0.729348224240243
67417	0.821903843899737
258850	-0.289912539069163
74888	-0.173346175640207
240614	0.197876163874674
18792	0.0313683005941021
76947	0.257803830876971
18642	0.188467392628501
258929	0.177027119620746
233895	0.547104556095954
74556	-1.02474048290096
104732	-1.76353152771531
69277	0.956458994561867
16428	-0.793579830997359
19106	0.464965269769066
16790	-1.14824086428541
24070	0.838736564216013
235631	-1.18475589967826
58865	0.845453336091807
218734	-1.14396277878554
55979	0.504422419109512
12361	1.57234274149811
20163	-0.118933950157203
208080	0.467635992730306
791383	1.18603062269028
14106	-0.227183817080858
81003	-1.23532247341884
59004	0.922858684718172
20449	2.263532697143
19326	-0.10798329395837
71990	-1.54721789165927
102638806	1.4744907270101
102635157	-0.800677493866761
12057	0.815277877543548
21376	0.644310434605555
102638015	0.409855366553527
108043	-0.324993527106841
22770	-1.96117055524964
102636565	-2.3041555961062
628456	-1.21948796582395
258248	0.027293982640429
432502	1.44838561466082
14683	-0.419145883536886
227632	-0.497656489235071
102638457	1.49200293355323
17000	-0.181975187020062
102634941	-1.43121273310672
239556	0.625106972210067
75273	-0.373845303726867
17829	0.489577913650434
51812	0.424610269834289
100042848	-0.0462760318492207
102635040	1.1382707248078
258290	-0.599747130668373
102634788	-0.382873158078303
102642808	-0.0421474409890174
102635655	-1.12421269181972
70832	1.27010004114192
102637727	-0.199934775928376
78060	-0.243308934803929
100042959	0.796541795879366
102632464	0.032777478189464
102638004	1.02479927487836
381937	0.205154981631189
100217453	-0.523093403840761
217124	-0.278564642410148
29819	1.9372190431072
102640244	0.367111733539645
114673	1.09397854955593
403174	0.207185845016919
75540	0.0281703675521233
54391	-0.556214649026381
22785	-1.07451106854077
16891	-0.103578924126116
102642884	0.022271295422453
110532	1.22484997999494
102636432	0.747010684164303
102633739	-1.07835586079373
11471	-0.342592740472367
102638857	0.513796179473407
328579	1.22325272048432
12515	-0.100188339781077
102638838	0.734381648469538
12064	-0.293612813390726
102636092	1.64686566281361
66664	-0.0208238063776567
208994	1.66835358689311
11754	-0.000245898368551409
22592	0.567684264606158
76246	0.530070025352797
258667	0.357892700266896
99010	-0.331512610035328
102641614	-0.705809257313428
74105	-0.157045558858054
109332	0.575331251262058
22296	1.19009229891831
20116	0.678987552588657
83767	0.460083825420223
102637793	-0.866710177120263
381058	-0.574124286751258
102640114	0.848450081357305
20068	-1.63439822771171
102639324	0.433048967537347
102643078	0.536534645647564
14569	0.955568877765103
628705	1.32377330124543
20657	1.34797925538496
320365	-0.263166953201409
67210	-1.19206987787403
67109	-1.14336437569647
11596	1.02266506007104
102634323	0.0100077531022546
258207	-0.216148832671255
102639701	-0.50431483443901
72844	-1.02209743931807
102634408	2.72692219077936
75547	0.0127776709278893
100038394	0.563582209254623
329777	-0.282859421491488
244723	-2.51309002016863
56191	1.17242165692126
70129	0.459723490699435
20017	0.467912639156189
503558	-0.0422542987041617
72611	0.577705624193909
102631845	0.595855876465944
19023	-0.856814339319839
102636090	-0.609039997577601
78921	1.14209716367277
100316777	-0.0685191863818593
102636891	-0.848122881620912
69957	0.911918252598338
102632919	-0.685667631679857
104625	-0.334848985606428
102634673	-0.922072717386479
102634843	-0.0806566900590559
76273	0.177094368700262
64435	0.511480347585589
74748	-1.4957244499456
11975	0.0372601019408879
67383	-1.47570133870992
101055864	0.416752494257659
102640312	1.54064248612045
18552	0.0773129524113238
258469	-0.16101060163813
19878	0.568999378710402
623078	1.02160080837332
22290	-0.286023436070946
102642706	-0.749812841541932
258987	-0.951228026666003
102637762	-0.577252060423077
102638803	0.482143746602851
20481	-0.841710135793497
414121	0.335391988970548
56541	-0.408713010477878
102632742	-1.17823136036504
23854	0.484871513961173
71770	0.49077310283569
246082	2.21946229185768
102639180	-0.237245300022452
102642668	0.725807487022483
26918	0.28500531455286
71362	-0.974622673676916
387160	0.90327847611246
72307	-0.200053416334284
109663	0.141191251654056
67448	-0.458594855681637
100628622	0.759946644668797
102638337	0.675124419898055
103733	-0.0441100146693298
102643039	0.71291949127782
102639418	-0.295062691163178
11434	-0.11096979599116
102642413	-0.116121926574669
102639350	-0.788382376546574
625801	-0.458758475746904
78893	0.623100615486009
50935	-0.414454106303913
234595	-0.361156940103142
231591	-0.217225590992078
227674	-2.88646548705705
102637730	-0.0519222158548742
16164	-0.265519066211403
78913	0.378877481332129
102466999	1.39301804408479
100526526	2.36624739620278
18718	0.10796155785712
100628593	1.97331990776065
74435	-0.616976908595136
245536	-0.839063368919482
102638980	-0.236104013877318
791081	2.11188574810567
102642944	0.0204157698375223
105651	-0.0637736421199093
102641508	-0.521017911694728
102632330	0.27297526803745
22696	-0.345718288845072
102641649	0.0631853729351637
100038912	0.511441110870272
78781	0.117363932964018
104383	-1.28365524668941
102636981	1.34886286306186
433597	-0.229743186574013
102640430	-1.73248478436196
12055	-0.627309025262573
11639	-0.24050783844931
14682	-1.3375772200114
55950	0.243139012663813
102636549	-0.552372085114525
435772	-1.09998772379007
228602	0.148266029042697
102641217	1.29711492734522
107250	-1.01110908729618
100048185	-1.40293803117492
18008	-0.82717384255544
75786	-0.512337490661703
100034729	-0.112048858479028
102632377	-1.19033578379898
14621	0.350355533883344
102640675	0.493726856792528
75862	-0.779850607636085
228482	-0.917469583178462
387346	-1.68586336962202
259110	1.05328587868596
381483	-0.195497310098106
102632582	-0.224603488445577
102636910	-0.064229231018129
241041	0.238305582063118
75083	-0.619457985333071
64383	-0.102997031512748
100043067	0.291874256567974
277743	-0.494101831479344
66612	0.061307899045216
630994	-0.66139936536031
668489	-2.89899963772777
102635668	1.13293505264968
102631959	0.498823426374056
15284	0.209404256044309
233147	-1.07926901793147
67841	-0.597572327778034
67235	0.812803518040124
320234	-0.691872935917643
258314	0.735103157768579
258734	-0.988269917378652
69017	-1.3076239870739
674895	-0.43072409331592
67030	0.388170088805418
102641300	-0.540004096612449
215705	-2.21993524286211
387342	-0.543450120487804
627901	1.46249038156764
102636419	0.164414002708098
68980	1.84827626707876
117148	0.707545358267761
76971	-1.29655032404367
21946	0.364390084179418
71319	-0.949919902415524
332110	0.786946457733794
102637583	1.37813112442099
100038949	-1.26367400166665
17716	-0.156260777231896
68299	-1.84175841521267
102638651	-0.05497427694636
259073	0.384741315093191
68926	-2.01067718061995
71617	-0.712180070009908
114604	0.368574821032051
67877	-0.533012349332085
20192	0.697028980755275
432572	0.54096687345183
75067	-0.463774795691411
223722	-0.77987849511859
102640611	1.28123619864141
433134	-0.0145341796532513
15405	-1.00767313568048
171463	0.485819705081692
17158	-0.0173682145555107
414872	-1.41236548282765
102632427	-2.1984319824931
258189	0.230063332423548
13221	-1.44583946048181
623230	1.12134662714424
239250	0.451074309407646
102638120	0.567830385599024
27379	-0.0124832074954684
102642332	0.401662581952101
69713	-1.19541805831295
258803	0.280680299938753
73458	-0.305713862464126
102633520	2.57645470062226
75812	-1.05183482179944
102642486	0.704059494200949
102637631	0.0528093475310481
23885	0.392182021824202
434215	2.02123121368113
75178	-1.98455266316176
72813	1.80268786132605
58916	-0.119737945261327
99011	0.568221329604583
102631892	-1.14715074849458
102636444	0.244513962649641
100216538	-1.31363408994542
22646	0.532395168373081
102634318	0.81740087029294
102633154	0.571784922122051
102634071	-1.15565211462385
71690	0.523840603969086
102638436	1.08835170802551
85029	0.477885147944748
258461	-0.158089795435629
102634118	-1.69546895975594
670507	-0.638288032509682
102639891	0.89722381893707
216867	1.4906813415016
68279	0.107625516902225
258381	1.37143062368041
11730	0.0928187627688446
100124491	-1.64458184892185
102642787	-0.287387008750293
320158	0.913512230461739
102640133	-0.484271414900283
626305	0.265784583785069
54720	0.882826074688302
102636585	-0.0217848828091889
107581	0.871495277917311
102640604	-0.503883754194024
70122	1.32740422544719
12857	-1.12627634443648
66671	-2.39478348447385
102640994	0.804282117232596
102633646	1.75962558585606
239283	1.01234052141349
269514	0.216989245512612
102639038	-0.545694468796195
102635591	0.583965861506446
102641444	1.17807429449743
102633007	0.799946547167473
102637559	0.294765133016984
72709	0.297681943579133
56480	-0.0561249985594883
15429	1.08066528499268
102632560	0.797413796837905
69433	-0.596499646720863
640543	0.97673255817902
102636011	-0.427621640361617
232784	-0.268494009448614
100502694	1.80260867882743
17127	-1.98122148705733
56050	0.0310278148217885
226351	-1.3894348732619
102641018	0.681329378252179
78110	0.264355436348301
18727	0.13248856050837
27263	-0.352252564099566
399676	-1.68230410531486
71033	-0.454968222239986
14616	0.525569020373027
434156	-1.0002321967561
50529	-0.715441732838573
14827	1.22199408804718
102643244	-0.35875446635959
102466209	-0.921068369497364
94111	0.358625933811075
69139	0.435356533993461
71817	0.957132312215803
239096	1.51821768248728
102643215	-0.307348030709257
269470	-0.322575905248807
12487	-0.693711503815963
26428	-0.764322886922367
71208	1.11481299251638
12757	-0.27764915708233
102634253	0.174575813597117
107522	0.30958105029006
16833	-0.288333464120605
102637898	1.21719789366415
102632858	-1.14466394350865
100039913	0.287768298588209
258485	0.669267173481781
100861496	-0.890047632229079
102633340	-0.324382194620748
74868	0.26381497013187
102638500	1.08764968500255
100040201	2.05951792056409
77945	-0.358032862663607
258561	-0.677461766319199
381203	-0.77376020124359
330217	-1.12563005191782
66310	0.493375259403209
102634068	-0.120213146196471
269132	-0.985746104900862
66882	1.9142871318668
77857	1.86352490721357
102640293	0.486014427206738
102633948	0.39329507908893
20341	1.71740954576898
665574	1.39846860420876
71836	-2.41486281240377
102642295	1.20375811389553
102641536	0.211461914359921
66705	-0.609538018101297
14859	0.465130834861921
319477	1.3019406611588
70454	-0.427443347359808
100124484	-0.57339932038869
17095	-0.540616368691641
12371	1.03809258827943
102641747	0.714788708903299
258962	-2.69140357121307
68145	-0.973199264643968
102631617	-0.00940306349831504
102641626	-0.863104723107661
72609	0.953957200906461
78774	-1.21753443134333
278679	-0.988819942043
109161	0.762970183012253
100040171	2.11821477282891
338368	-1.20431895856256
17686	1.34686745530735
100038882	-0.769163002144477
223726	2.05820787213216
102466649	0.514889763928571
84682	-0.706942073156163
78623	0.517671045628606
102632039	0.731190068578184
623781	1.40579463643287
102631515	0.393698479329605
68385	-0.765984108649625
76491	-1.55948470726223
235330	0.304907911933928
27414	-0.172648882081056
18566	-1.25253133931738
102639152	-0.827334059470742
100038862	1.32545897000663
258991	2.32388450934443
214932	0.0378910476071269
230895	0.489207161442646
102640448	-0.343543987673221
69861	-0.930382627061697
71647	0.942719080182972
75497	0.0430218936084671
102642004	-0.885163879391449
723835	0.22560262604253
71793	-2.41340820551964
30877	-1.53631099383329
544923	0.769910667788818
232821	-0.135470082847186
544710	0.544996780942187
102632056	1.75813117658171
102637377	-1.18049198268294
320878	0.248278127747179
100124457	1.78522604981454
242747	-0.518353034208083
26570	0.253920750022417
15414	-1.09759771890052
269061	0.128915365792426
100040268	2.0785102666558
100885845	0.932992454258254
102639274	-0.00786047983581522
16898	-0.0902330032505592
546840	-1.00197436914991
102643212	2.66218643563674
70097	-1.85078956265821
20408	-0.135552037249008
102639683	-1.5832744194994
102637887	0.951442661753311
228413	0.0389748404326761
108083	1.86546245325154
320671	0.677275239341894
102632756	1.93743611595937
231503	-0.617105151942241
668203	-0.374217547892271
102642405	0.57083478439713
102640741	-1.03836032196294
56094	-0.607816182571304
102638285	-1.16142384928919
666919	0.414534050566182
434325	-1.30043802614257
102640451	-0.298384581704391
16165	-0.872472156799836
12660	0.503475862829171
102641114	-0.933706156633543
102633552	1.01206355253824
70974	-0.986409428176359
102634135	-0.085126901443013
666329	-1.34965191541989
213491	-2.29011897264685
102632751	0.755380597852141
100503486	-0.221443906118851
102639406	0.284760646968028
68603	1.03963324252118
66615	0.887648822299716
100861717	-0.152778602382083
100504412	0.681553170725032
102640752	-0.71574122114
102633378	-2.00777217542882
100316669	0.271086252203443
102632945	0.912556433549648
22138	0.962264542119107
102633212	-0.030385684539541
50762	0.645030815852192
102632106	-1.73904947794696
102637285	-1.0820000731365
14630	-0.198331784615855
19877	-0.350924193373596
72061	-0.0635456054447326
100503530	-0.56098879847242
102634083	1.2061174166876
668455	1.0180940051607
102634230	-0.470831130317495
66169	-2.18218212194695
67487	1.28150903961497
258528	-1.97369577763118
100043033	1.54714206724657
78112	2.7194103695652
102634021	-0.147224397178333
102466839	-1.35220505623092
59020	-0.230804132212205
102642050	0.172579371038513
381410	1.2442474934639
102641902	0.339000592363082
67360	-1.27486066469278
12192	-0.706926933008814
22153	1.11596537132875
70031	2.21177356504198
72475	1.46489249474979
668171	-0.335192055129207
12569	1.09125370423392
102642201	-2.73892216990146
15930	-0.267244580957982
70247	-0.21704486764732
102642853	0.133144596775128
225164	0.84450908319495
24111	0.551589928351631
329065	0.315249849120073
100043034	0.835607807766893
18607	0.838311339050156
14389	0.123735423571949
217340	0.920340665279873
102635130	0.70344682284094
218820	-0.498122389686118
234678	-2.05936067149331
245450	-1.01526002125668
57394	-1.22089009770408
102642151	1.72175964801585
102641510	-0.462340245159745
76650	0.698299577598804
329918	0.766754268068229
12401	-0.540568258850326
22228	-1.151143960113
102632311	0.656946490078059
67647	-0.525134299046918
171530	2.28110514919093
102639218	0.961341761431342
16512	0.907353156986738
100502868	-1.84363242299094
67994	0.316988871230123
404309	0.571453538110295
102465227	0.387255308434192
13358	0.13564260994964
19804	0.941726619291221
387173	-2.34521949378514
102638795	1.36684485695963
17967	0.863015966860248
74568	0.911479264948368
666806	-0.705849245882096
102638797	-0.414461895262437
102638494	2.27463903964806
71062	1.04132074478077
231123	-0.607311180473947
78569	0.391598412023664
330052	1.25252791912581
399568	-0.842004751391777
102638570	0.91739661900282
20754	-0.0676055982384836
621119	-2.07191213618068
381085	0.336658230629862
67516	1.08671018826573
100503915	0.139758526151904
100039876	-0.342947779307441
72729	0.261674858862031
102637744	0.418336806686223
69770	-0.381700743587026
19358	-0.785914425136886
319216	0.781295324580873
74190	-0.517667553308026
100628571	-1.65002816856605
102633289	1.6586279058961
53817	0.632367541695837
67306	0.787771051410271
83558	-1.98544358501365
70120	-2.0278679375694
80782	-0.316878705211743
102634558	-1.16305011790004
17434	-2.55423408343177
12326	-1.08226513652653
16627	-0.256515335445509
14567	0.0500911137696876
100043910	-0.361649062184464
258448	-0.668618525420942
110880	-1.00226085152763
100043836	0.544294243328115
102639695	-2.62793294015566
100034748	0.4762724049383
257947	-0.313848123121175
66161	-0.36165783034483
434727	1.31466984608248
19684	0.172744588799915
23834	2.81850285529796
11637	-0.0677585472237824
13650	0.350487429810657
243270	0.0984897644943269
17199	0.393040792050884
21743	-0.548416436282872
19277	-2.08641777781354
66126	-0.918872248692266
21762	1.43460423160331
100041223	-0.771592288406333
171199	0.34344078943235
100316701	-0.668536461155092
102637854	-1.28601877047697
74006	-1.23737069589314
102638840	-1.03459708861991
100504101	1.1921956902481
74412	1.76850961417455
78221	2.00328157411944
22035	1.16460778286099
18027	-1.58809143359932
629300	-0.225188423208154
20528	-1.15323517080139
66536	-1.55116088641201
102465193	0.950967178639309
404339	-0.88835750275615
102641664	1.05470417999231
238463	-0.621899192084661
329844	1.78778717095708
735290	0.643333329927334
102638926	-0.00139708841231092
751539	-0.230479377683524
17067	-0.689601199304092
58178	0.836789102614309
70461	0.187840781978051
76707	1.11721629193472
102636916	0.512765036188919
102635772	0.405031898021387
320782	-0.272734162706134
667250	-1.35384863483222
100503361	-0.407414976000524
380878	0.642516726134727
102640009	-0.0684879891263349
102638349	0.38847727582432
75691	0.231682366746873
674277	0.478582667585564
258808	-0.156137114863469
675947	1.79405444054519
666678	-1.10003556276239
74711	-1.35536897476201
70882	0.251333176228064
102639389	-0.556570089826794
15562	0.669031727708326
67591	1.2623636741749
19733	0.513171143808416
102638677	0.476516743389439
67575	-0.516807255713578
277089	-1.09850646023333
229228	-1.76931931702953
71753	-0.899478754113148
102634067	0.14058300046725
78154	0.313974162101177
102640493	2.3612108316671
71510	0.513529204253087
258220	-1.48850117475039
102635211	0.336417628648638
14343	-0.216379392163642
434121	0.422743929211629
102638342	0.00427409343985745
77644	1.18935169363501
20305	-0.0702789319620897
77573	0.05301812648514
11790	-0.184435004475546
226123	0.504317073451266
69065	0.505905306140827
668739	-0.66779962274792
13494	-0.182969474339747
102639182	-0.554286087769042
69060	-0.492028806938881
76257	-0.252197465751769
102633678	1.31292974897488
210105	-0.655736996327013
78473	-0.248641231779698
668357	-0.342496566529091
100503280	-1.27257134579512
103573	0.0867873161490302
19679	-1.03901335509484
52717	-0.00464203044050349
102639525	0.608042182032693
628898	-0.372247042154403
100039175	-0.98797009270458
100043051	-0.0151858129531744
81702	0.663593410702426
66266	-0.791843400991282
94061	0.739016510394439
102632558	-2.15012133702075
23922	0.821784910898239
259051	1.6537538254619
102643035	-0.582309783218814
102635392	-0.774389797997424
100043920	0.105384233347429
18025	1.22652472934716
229534	0.606419764838826
73921	-0.614532016131652
102642673	0.364428299682954
102635249	0.358813133829941
76687	0.522382283114964
100126765	-1.14796493330864
330917	-0.0704960677043352
100503471	2.21300277513299
102639314	-0.223458172641588
100861667	-0.248644657432675
258517	-1.41525046848761
69629	-0.290052832858792
17240	-0.402525725849192
329384	1.2852606906779
259011	-1.30394955220979
102643208	0.00730078742033651
76113	-1.2612699755422
102642646	-0.431471199377085
102639174	0.214842765911198
102639822	-0.296013957620393
333654	0.679345637305359
20333	-1.21733102647687
69457	-1.50877553196015
215723	0.353831313772314
102635301	2.02397812795911
76132	0.52214009875985
102631498	-0.220789069131219
102639223	-1.10561652021494
109113	1.9677278716753
258890	-0.270308314145845
78156	0.551162929297401
102637263	-0.454834080782855
241197	-0.702994145135179
20924	0.257265351507051
327860	-0.915578334629613
545384	1.88120063407042
102635070	1.10432354835888
553127	0.52319276603671
73992	0.36553698520056
68144	-0.00512371533614229
72736	-0.321690104935415
81910	-0.363564729991255
78789	0.306364284468887
102634121	-0.598527824195992
245857	-1.05943811951934
258883	-0.155436553552742
258954	1.14838766116889
102636453	-1.00598848765416
102635650	-2.70094183773338
171193	-0.334369329054976
544881	0.37678600098975
54130	-0.6226316156124
20401	-2.19723226311362
75443	2.27839812219385
76237	0.31740053529829
20450	-0.798832566135357
102631976	0.544240334311349
219151	-1.33285928628769
102633688	-0.336842466916429
227195	-0.327149110219065
93747	0.0728825526547142
102636035	-0.758546479221583
12069	0.615267743751076
102643178	0.230306648708645
403180	-1.53891064467215
102632592	-0.765722728880249
102632992	-0.689325790967421
329509	0.52726589730036
67059	-0.978414912817523
102637657	0.806133286573905
258725	-1.62790290091996
102640742	0.0395565294652414
546058	-0.00847917526404362
258542	0.878125315261173
102637418	-0.909451469492341
102637846	-2.06634820923695
27999	-0.242182269938294
102637766	-0.466119536516582
217316	0.83777382767288
56876	-0.986648492481609
237954	0.184434148164166
16772	0.379814002583465
238829	0.568237094319529
77257	-0.116695013053578
435802	-0.538888312384157
102632888	-0.2513452098688
102640852	0.0297969715246583
53603	-0.11377084479406
73644	1.87473144018009
11542	0.201598384511794
102635811	0.602856326490565
75586	-0.882629273407239
102633926	-0.297656572098493
619311	1.40169755603943
319480	1.86442162683554
57442	-0.921069718783874
20656	-0.470041223253098
15894	1.18424191574507
102634172	0.854348935513204
76960	1.07727362580306
216285	-1.05134616197988
18039	-0.686552388302515
12330	-0.824999807605353
102638293	1.0513173990994
102634625	0.404602858815945
67542	0.346534867308884
93700	0.0755398402481206
74230	-1.09399256421262
72555	0.941101994001731
73571	0.447110235767609
69260	-1.67660139641688
12841	-0.423455871988073
76920	0.126322448463409
54199	0.825343304991261
432582	0.796897301163102
102633721	0.628911684031406
102637968	-0.463175161764409
225870	-1.325044196511
13837	-1.19196038307415
102632637	1.7984570739032
435653	0.371728876863552
68816	-1.31253774462751
102633906	0.798841538267923
107047	0.54686892662221
102634825	-0.642776518248491
77032	-0.508971467158807
102634938	1.72984204803482
213208	-0.3171648548378
22658	0.404872111784979
71751	-1.10419340164051
243866	-0.975353135189839
17729	0.602532774503535
102638125	0.608203489344716
102633331	0.0611796652465749
14732	1.54542284679402
56208	-0.218307914086696
73181	-0.59073438808807
102642763	0.174448024827689
102640213	-0.565194699731628
102643055	-0.619851743022452
102640055	0.647362197392941
100861727	0.693572292658751
70086	0.616854426844127
102634022	-0.0611680860363701
20771	0.235731158256276
102641820	-0.831545692298073
319616	0.278907597566493
208144	0.531004781047414
71956	1.0553704934319
72440	-0.828110040416542
94089	0.334277275191935
21802	0.564366290690433
271981	0.488575750317095
12348	-0.669628455953837
116911	0.994008729298726
100040899	-0.081303819627014
102637317	1.81586581320695
102636727	1.69725965491948
619324	-1.23292231959711
20944	0.170345390091112
102636944	-0.0365970740354151
102641469	0.00664563156616948
258358	0.726915085516452
280667	0.451896808792384
102639863	-0.908462814656697
114301	-1.15132573734478
18514	0.274049282119315
75219	0.494129340746821
56429	1.0182303327812
79201	0.412227511922328
231699	0.204436644926016
102639618	0.707038309818134
102642117	-0.0547300783473556
102642900	1.02124944293185
102643288	0.381284586356091
102633204	0.375197843213519
73397	-1.18172401075089
102632679	-1.34374367808722
100038526	-0.724644569211516
102640642	-0.618107980582741
380840	-1.79274868750102
100048885	-3.03559838445132
100041279	-0.205726144151615
102640130	-0.441511286334811
110391	0.126660637747845
67222	0.353737902975931
102635163	-0.26601393471207
93732	1.36922677098999
105853	-1.81698348029464
102635648	-0.846111260721092
76402	0.121256015837603
100124439	-1.16499681749603
74718	1.14145675696301
52653	-0.782988942359773
18132	3.25142254765012
110382	-0.132099541183856
102632286	-0.242831877642412
102642450	-0.30002630673509
545228	-0.507496812070994
242443	-2.59870853299723
56055	-1.30109828239028
59310	1.05029458887117
101056057	-0.606381379180569
16012	-0.928822706709913
329055	-0.68324741261771
259045	-1.17980245487707
102636024	2.20174180936794
12480	0.578277104741305
102636775	1.66977582385769
100043424	-1.03153612097817
102632591	2.55992472020195
102638742	1.04077456835217
18999	-0.244734121762822
102643034	-1.21068782542017
102631530	1.16106251662873
75420	-1.72289129949554
100043176	0.228005136223355
239510	0.172377295131349
100041618	-1.51808564987658
102633868	-1.21727662801217
20339	0.848617575005351
20937	0.0991942498092537
58237	1.85536358021497
230796	0.501327712449096
102636660	2.22670025953078
237711	0.673934004724519
102639516	1.89216103753978
258721	0.481953357499679
434117	0.885816130053323
102640194	-0.973112581654888
22195	-0.544299674803245
102632555	-0.356745602468806
72787	-1.99179311320685
243978	-1.71558989587371
13244	1.14430513542915
211446	0.522397232551186
102642557	0.95798358565612
102631593	1.22728290434678
75434	-1.02581663392681
100042417	1.86176624987313
14586	1.40433453283806
102638785	0.516086747160537
102631872	-0.724282438947249
16728	0.510610681907021
385380	1.04616178231512
102639331	-0.326627869078971
207777	-1.5789064742734
83410	-0.546396145451686
258939	-0.607452698414257
66586	0.189732190902016
319634	0.713608246252858
102465546	0.928080814861092
72543	-0.764800108155139
12466	0.377473606511807
69597	0.484188659747793
102635478	0.955057793179546
15499	-0.710141362342541
102638466	0.0268874980052496
246738	-0.88833050906101
102637972	-0.30991942609052
544752	0.306349013110699
71361	0.746091564533029
258336	-0.469470391134554
404549	-0.609848861437773
17728	-1.24208775045897
102633894	-0.144918881330021
69790	-1.09930917004404
76820	-0.891483658888608
52206	2.97508343074016
100628575	-2.40248201090535
102641010	-0.439141592339764
12450	-0.337408221639918
102637191	-0.0176829514896432
102633121	1.68748090509356
102635901	2.74660158545118
16782	-1.52018876216707
102631694	0.892073171932378
20973	0.858346814401344
384221	1.40666924698835
217835	-3.20702120701798
102642652	-0.659383849132561
102639322	1.02889554720402
19646	-1.89104241366407
666184	1.42759710616599
102633603	0.272900365516845
53870	-0.214583747203226
192650	-0.446655516479611
77038	-0.794288904495627
100039008	-0.999379756118679
79044	0.575862255782741
100041678	0.665210749400792
102633610	1.13847683975057
66926	-0.941584189170034
231712	-0.670739728458053
100503751	0.269199578100918
21832	-1.05059702178806
102640171	-0.515770328916775
66398	0.612295569904819
102632019	-0.486886996196786
225895	0.0691086067625328
102638121	-0.558105179934515
102633310	-0.857340214595884
209630	0.100266913714274
23980	2.92094614494975
73183	0.263684920940509
102641470	1.08399236320271
71091	-2.59942385879374
98452	-2.17637011604854
22381	1.07194447125879
382088	-1.08474286287186
102639767	-0.316963360493445
433016	1.64039520414922
228836	-1.23285884357433
75671	0.775329972354163
102634671	-0.207331047586588
102639671	-0.496505859317818
19671	-0.15460723375854
270066	1.13936790984696
68915	0.752275417615664
102641071	-0.731428441978991
102640699	2.53199100349534
16785	-2.3958644208381
102639757	0.710292092738978
243537	1.38090192218887
56442	0.138057197222284
630537	-1.24789849358348
241633	0.423331113073787
66177	-0.831909834810505
258934	0.504213579937711
102638995	1.46506940526296
59083	-0.769356545604874
102639866	-2.2950463556456
15110	0.269626320339464
102640743	0.570793988106809
100039707	-0.240486104111383
69661	-1.00092869244271
50518	0.695215764628783
100039315	-0.591049115232712
102093	-0.887972517786633
56696	-0.740150234972553
244867	0.978722569349546
13857	0.222275300828706
384775	-1.45523830539631
97402	0.7714612257567
17069	-1.89722748210204
631784	-0.6539125422448
217684	0.897509352445105
74855	-0.533908787297621
67889	-0.430666962802133
16151	-0.110580853162877
56382	1.83604634334951
258922	-0.709965380789649
69187	-1.98330650605346
20907	-0.79302002552062
102632072	1.56823571705457
54526	0.142910028690445
102634991	-0.142797202294575
84095	-0.576129565536792
243374	-0.684767776933914
102634284	0.809724220670433
18044	0.11109572401088
102642785	0.145749692979218
102639013	-0.0939211690603195
103080	0.113542152462447
626828	0.0305263349158223
102635900	-0.518851516948273
15504	0.0979899912757073
338362	-0.0784772134228143
66073	1.85286251551337
71853	1.26858007347276
102635366	-0.428679113537588
102637674	-0.855820456821259
22680	0.400653855374221
15139	2.08677580804869
102637521	0.23447534684366
102638055	-0.595334865099112
102631911	1.71987003382581
18730	-2.08923117424846
56317	1.49980606124304
100628616	0.25190131480925
320919	0.246663508824236
331195	1.19830728622888
102631574	-0.70795321398182
71713	-0.1431870818452
237400	-0.300063244858958
69051	0.050650047777623
110957	0.13600523065828
81014	-0.478829824139828
102632764	0.853091379948144
102634682	-0.633834481142242
21925	-0.277466534132734
226432	0.601087978362932
271047	0.490010302991632
102636065	-1.69208106904899
19695	-1.07232910585986
60613	-0.969030933524009
70012	1.69263962105881
723852	-0.421902653851332
60599	1.18981244427297
211652	-0.684977466350703
101476	-0.907056037705746
100862250	-0.702961441247767
74603	-0.505468007513178
21823	0.338693968392384
621832	1.13612673767042
77832	-1.02592410509068
353325	1.28061281414054
56433	-2.60383486215044
68833	-0.597124871665559
102638834	0.283396772083784
102466238	1.1203043997016
100101806	-0.756457599921833
20403	0.94158938552479
69549	-2.75797298976308
100502921	-0.489708278105287
140630	1.02143836300399
53627	0.0849732434154005
102637601	-0.841777346731328
216197	0.0443551464957028
20724	0.314467968686582
102640045	1.09432202077924
102641236	-0.959892219316363
229317	1.13305015586105
74238	-0.657684236280044
67830	0.581309687369142
102635773	-1.21704327899492
258625	0.51349200551215
69511	2.19494901324731
237868	0.915166294330811
328837	-0.312543298518217
66971	0.939134538370575
230145	1.27661209605131
75528	-0.704569467999572
66899	0.036175140312687
93717	-0.223145489004495
20614	-0.15021329185615
102635328	0.263465219488564
68083	-0.00731774336909721
52331	-0.431722680105148
101055954	0.510602624192322
69120	-0.146267162858019
66075	1.75245413913038
258771	0.238148144954253
97243	1.93551989094987
102635851	-0.493758578879264
102633569	-2.65143826472109
102633905	-0.161324244980452
71096	0.875950799106398
18350	1.02411046872769
93835	0.681928470827822
102465702	-0.377620795904537
109359	-0.923738263288503
269180	-0.807856546841285
223881	0.0256050910652744
64059	-0.769024430696113
102640214	1.04169666353511
27224	-0.297716130986465
320159	-1.0889382259589
102633353	-0.162157672548682
102640816	-2.52772867552727
107141	0.120634327360073
381967	0.207051596164489
74185	0.577854307124531
67824	0.734083246777245
100040123	0.843310384593678
258385	0.639482771495919
102641306	2.46007571162107
19893	-0.654014990533157
12524	-1.27463551545657
68954	-0.160792659483986
667552	1.57008873629025
666043	0.893399213276935
102639102	-0.614964440690465
54725	-1.03142226889144
12294	0.931777658308896
108816	-0.445264216479563
102641531	-1.28251736383682
100503071	-0.735922375693899
246779	-2.09260888486315
22751	1.40350220148843
102631693	-1.01939516850265
320230	-2.22746155683483
75292	-0.14711080547461
259114	0.985695052946452
102642660	-0.26351033456409
67988	0.442039378501286
102643188	0.314391620943059
544748	0.388363834544068
102641238	0.365019847102696
230866	-0.898979843433351
11819	-0.563895213336936
100039731	-0.709988923839274
83796	-0.0749961080808961
11624	-0.947082792417432
102642244	0.000375809450127385
102636899	-1.52495740072791
259123	0.0983516473640983
102641483	-1.52660782130733
16697	-1.32527058152411
102465896	0.603359481007715
100041811	-0.0975144558665597
13488	-0.136624134919734
102634315	0.922707019070566
22249	-1.23456619115483
102639942	-0.699677075018474
102638787	-1.4863788113501
75099	-0.791825104180931
100041965	-1.12972573756397
237422	0.536050949798032
102640805	-0.759523849174861
102632082	0.765859823857114
68949	-0.664138927321368
74644	-0.152972835292633
227095	0.0105017445007335
319187	0.623558263965638
102642933	-1.87525607902691
74393	-0.247757245723693
102642717	0.922026038997354
79059	-0.0812303331620457
102641742	1.29843600220005
26401	-0.864032498145749
74646	-0.375373012538778
102466819	-1.17566446933112
102637122	1.68558153593003
623166	1.23704851235776
100124486	-0.79910070966401
102636188	0.100580193315
19063	-0.252163169561528
102638195	-0.801937995769315
244061	0.935022495211787
71137	0.893146357064965
102465963	-1.07620830575273
102634897	-0.857025978573221
102642790	-0.881735424686127
102632823	0.218534466906172
102633931	-0.59416927905801
54397	0.2851450221214
19205	-0.442872233266746
102636448	0.14713774962893
320082	0.576178447882445
654799	-0.638287615398974
102642847	-0.248209386183447
74668	1.08835041219996
102800312	-1.39064609995628
735287	0.624909586541826
102639937	0.487331823030634
245615	-1.32469784565431
102634183	0.547276865076242
15288	-1.21884759545899
102634686	-0.158473126889889
80877	1.14875815546998
102639627	0.0208785925823452
791075	0.765553667421648
268709	-0.655065343929745
54382	0.148163556435226
11735	0.315455608353875
50796	-0.229732553070801
654818	0.00995213675271216
102747	-0.229641657335774
78339	-1.44266821267604
100039377	-0.56502055707289
17450	0.489069507369307
16363	-0.0940226050969412
666589	-0.481911965625374
102635039	0.575165923112721
21453	0.0272932056577537
67951	0.715139858909801
50708	-1.06722093464387
218103	0.74303782977918
102637046	0.597020267014649
56217	0.262509863212992
102639035	-0.553314044511471
382131	2.28070580245051
102642954	0.554928566706813
78656	0.450559276228543
102639761	0.112322658448778
381838	-0.509939473692761
68087	0.231207758513786
433619	-0.70414600520019
66932	-0.512594492654125
232406	0.414682306421985
84585	1.14719124212235
102634954	0.383599464873254
54451	-0.429882012386497
68074	0.390559412199855
71862	0.0994173160747633
100503545	-0.526063454521759
225825	-0.389963392683078
70952	1.63038223909728
102633793	-0.0114277189187567
66743	0.319725375841922
102637059	1.96967878998717
102643243	-0.598462506946561
102637069	0.445098841508163
73668	-0.758740808489363
102633265	0.695024075039424
230596	-0.479832710672959
102639196	1.19333933441157
102638392	0.289720587565223
723819	-0.795571498397952
620758	-0.143370347081671
14579	-0.226209409061734
22272	0.471067816053666
83669	0.928878436723641
80859	-1.587517118457
15109	0.871638734717878
106347	0.884718781977788
102632372	-0.121717965010371
100504592	2.60747466541264
329483	-0.345944054856498
102638664	-1.22284602912803
100041787	-1.44661812717996
102640791	-0.13067274346203
70894	1.01697333947102
69379	0.834492758235456
100504715	0.616934836337953
101490	-0.0476081521522582
654464	0.311702072598375
20740	-0.308061429520331
387197	-0.280672426008579
21944	-0.235371590046559
102632794	1.29912327562777
102640974	0.195641297791343
68441	0.97985755022174
102637020	-0.721471833883011
102640187	0.445206426130866
434778	-1.41109840369313
73576	0.960651114120651
259033	-1.71655699117918
102642243	0.0823415071151838
22632	-0.466640358303702
60361	-0.438481891028267
228714	-1.07602154488761
107368	0.817540988945422
72257	-0.107099970241672
102641530	1.69379856524715
64384	1.10318240636392
100042056	0.0191657521434508
102642647	-0.461555455131612
58217	0.427239017487053
13824	1.21676533481436
102638324	0.483525216556588
108767	1.08019682654946
17974	-0.677378522162805
67844	0.267806926044735
210622	0.893414285272089
102641539	1.03939811800489
14651	-0.683186352393935
102633488	-1.21698195493385
78785	1.89878042097836
320363	0.450404212019796
328381	0.359661512613191
632534	-0.0281378521677759
258022	-0.884925741919423
384452	-1.33352897801247
102636055	0.126616554630838
66483	0.454689243980024
102632869	-0.916901402097832
216011	-0.620457565650002
628147	1.20766556572695
100502695	-0.412451988317849
102631813	-0.97802653908919
240332	-0.254628218306278
258953	-1.34939282265657
667599	-0.810201869762244
102639142	2.01589902792951
408068	-0.381056035759573
12006	-0.473130664939168
102637751	0.735566100237553
15968	-0.505643561989859
76651	-0.536015302168669
102636546	-1.1816428876428
68865	0.124965752137146
17187	0.16545532264128
74127	-0.139539098823088
102638506	1.31061628418658
68344	-0.614221567334878
102638669	0.448868443019904
208718	0.231489492652558
66192	0.620670839356957
622665	-1.56147496666599
66236	-0.664415629016117
68979	1.20636108569353
71835	-1.07643674412416
63828	0.338575900065598
102638164	0.757245193848541
380930	-1.1302882839388
102637495	-0.429250342971702
65972	1.05543342049403
56734	0.575734210981048
100526521	-1.04497963866288
102635189	1.58110192612719
110784	-0.729354787114683
623281	-0.143168655716773
73647	-2.4305941763498
100038709	-0.737405071089144
387334	1.37061057734808
17758	0.396201553632776
102637708	-1.72953915744279
16846	-0.368102925740167
102642779	-0.21303319569231
102631822	0.00522994093697751
102634104	0.081792343665246
100041362	-0.662628445712532
72170	0.988884659108666
16530	-1.10884243862752
100417125	0.765913982321425
100043309	0.287307159129169
73075	-0.667989727389519
100534641	-1.55537339321954
102466147	-0.227252467045515
102632698	0.866206705116208
71111	1.76894465668293
102639657	-0.35077665212979
74690	-0.976712803055805
102639551	0.645397665807588
258612	-1.99651640000153
102637636	1.94047582917316
21349	-0.132279892121493
104458	0.0641102723510005
103135	-0.386028630446603
258775	0.459536205951666
69382	0.83682530285656
73259	-2.43377158846782
71365	-0.473145126972658
102635577	1.74167242041407
170711	0.0470555492954588
102643044	0.772321936529583
102634303	0.898123310117829
72090	-0.359213503644659
67196	0.248127558327833
257881	-0.886587509227092
209776	-0.138820963137309
73244	1.89399770237774
15552	0.623706530867416
75602	0.0143142174731988
226049	-1.04955795661392
102634875	1.63152236784652
102640559	1.45751063306589
102639272	-0.848592532386614
192196	-0.68647350033025
72614	0.354325210706978
75448	0.449578568955078
102636319	-0.470816911620624
64929	-1.26342151618387
83490	-0.477787385812132
102640577	-0.713176884190402
77877	-0.946591560313155
266744	0.0956998872956983
246730	-0.937639709283628
102633114	0.535311447955372
102637698	0.775083383861798
102631921	-0.420973869127097
668017	-0.685650191555595
102635362	0.725482618432221
15273	1.48729099594923
102638030	-0.208087267485875
102638329	1.40286761380249
108954	0.752488663151609
258621	-0.48235479946652
100217439	-0.0837815980179503
259070	0.677986004833166
223918	-1.5159212540894
619297	-1.20854109542432
387170	0.189576385354236
624698	0.530072439966752
68205	1.6572005139407
14725	0.878792148627336
102631538	-0.20183408626592
320557	0.46129615033472
195208	-0.592388004212303
233060	-0.185789734602831
30960	0.416121858808449
105975	-0.360312159952494
217116	1.03424410652483
102633854	1.58895469706646
100124460	-1.55766316147191
78163	0.104358962681213
74766	0.154047464570238
13346	-0.327282468081047
54402	0.654506917538777
76477	-0.194616112033556
170829	1.45498219334485
26368	-1.11608983997605
102635405	-0.75370546939097
102636251	-1.73731244099572
258821	-1.6147533130494
11430	-0.561492554394799
72349	-0.245871862704459
232337	-0.342495469871656
72151	0.857981385858393
102633982	-0.597817659937068
216821	-0.412104030939085
16656	-0.903814361330315
102640038	0.0216894814576087
81904	-1.01383931265361
20671	0.423882043818987
12393	-0.752476802675947
102632743	2.00850576283162
258463	0.819696806089968
546347	-1.14063105348651
102634036	0.802655320717684
227331	-0.202457974515257
102637931	-1.10181856793849
102634461	-0.21982493541578
93836	-0.211894858869084
74468	-2.45686942571181
102638594	-0.232994175788289
102638941	-0.87111931517546
71492	-0.77156305653721
102635198	-0.999239564104702
66916	1.25953886312676
102635300	-1.45416235120598
12481	-1.06318920100901
102639686	-0.667006793663155
102633002	2.72136511157557
22701	-0.274218232741804
102641254	1.33557615184017
11810	0.307198585310897
69539	0.184753985576201
71041	-0.281068911442134
18345	-1.28980093385608
102632262	0.680675402119767
102637996	-0.654026403326191
67797	-2.19305424779853
100042946	-2.06726666373402
81000	0.699287721701484
105005	-0.449438946531796
102638444	-0.361737398203525
100628625	0.0615527761158284
102634148	-0.494958732912942
99683	0.780735520593809
16661	0.475763228087813
11911	-0.110879283672533
102635284	-1.27153998515897
102635890	-1.24295305890563
102634944	0.173950268724494
102634882	-1.19125813117657
67760	-0.578747735600893
100503622	-1.22932572824555
72599	0.917582902265902
102637740	1.61768785497912
102638371	-2.02379535949806
12426	-0.247505046721233
12477	0.91509943706668
102640653	-1.62736168862762
102632275	-1.10304639729658
102636254	-0.524222106605382
12416	0.0720514401034429
214854	-2.35107346672661
258225	-0.653920849125591
18791	0.406173305421638
211936	-0.612553021067622
329562	-0.355195719883547
110187	-1.004251324168
56531	-0.427647157145373
102637233	-2.3236050107436
228005	-0.690517140711218
212276	-0.425754375327171
101543	-1.04828657470733
100043820	0.699980726765635
102634512	0.740778370266519
102636479	-0.0877912188146867
102631795	0.697023828274927
52348	-0.00156024318573188
102642273	0.0615606778121071
102636951	0.957575572674027
209324	2.05650413838999
76510	0.489946393382254
102632811	0.946177501241843
100861665	-0.022691788109058
102639740	1.45329873008431
70802	0.275095211693529
329892	0.665340719221309
73078	-0.9734488535302
102638486	0.614234616583586
100217448	-0.09755064162892
474332	0.778329228397612
30057	-0.209210364083753
102633790	0.28762768961389
102642241	-1.06378762301937
101055965	1.01774278391963
102638930	1.5854579752248
27756	-1.68032366625888
320718	1.06651141571468
18576	0.790200158913935
269831	-1.42046245335141
102642012	0.76350466978235
102642552	-0.0120103113825634
78353	0.295763524409926
102637791	1.10224836128012
102639409	1.35567151003973
103268	2.13355055180527
14272	0.472948649551716
102639148	1.22729040640705
232947	1.34460594251484
100885831	1.31778122413879
20901	0.192186912920669
67123	0.425421696520102
11946	-0.812687532807031
102632046	0.477890023505896
27059	1.55836969067768
102637781	-1.1259968879322
433634	0.234922312604554
102641154	-1.37221638300954
102641190	-0.273560487749475
102632171	-0.347149615088397
70118	0.228133831710241
102636325	0.870426676716322
102636640	1.65545337952371
66783	-0.170942096050699
75187	-1.05395099669306
414801	-1.00981427808082
68614	0.330502013177797
71263	0.670563169595254
320295	-0.357183309642483
666244	0.963580379045039
73747	1.25439653912248
102634426	1.83512826716943
233103	0.127020990146147
545389	-0.308443685708769
233887	-1.68748680835881
100861486	-0.748813633154737
102634862	2.10853259681865
68277	-2.17950354507222
102638882	0.275848811267739
70750	1.02037671361597
100040429	-1.1432638622196
171238	-0.93553888305743
259023	1.39471078282217
102638583	0.547130660226855
102465700	1.5044386227937
20692	-0.966584821249626
74355	0.00274461909730436
241308	-0.056291143832195
16545	-0.0818755886264976
93715	0.0851937783306378
69574	1.54144270614701
67949	0.885554562981306
102642922	-0.156590964127635
55935	-0.873302621708788
102637693	0.12978093315654
627375	0.271887704413558
17299	0.244504948151095
102643054	-1.30636325505363
102631994	-0.959193453389725
18610	1.97102018059536
330301	-0.991189190410092
51791	0.832084086371723
102640684	-0.810320585357079
235682	-0.264114537599006
245423	-1.68438128273671
619328	-2.34429691024294
228756	0.321912999475803
30059	0.781439360370188
102636855	0.900210779847194
22640	-1.04352382980872
258601	-1.25595658357617
11614	0.503867318021525
58867	0.655093416321897
232313	-0.427860919794122
17345	0.901875892605675
100526517	-0.124694083361196
102639132	-0.476864580162438
102635261	-0.578575013065481
102643186	0.333086997340786
54698	-0.190628762888381
19782	2.82357477863168
100043387	-0.592555056728231
723822	-1.07415525356141
619945	-0.840345812595114
387218	1.49563385334063
20501	0.0114336693680463
216622	0.797847954516823
102633852	1.25997649337919
18392	-1.42170831271453
76781	-0.99085313768864
72568	-0.570333323789828
215654	-0.570745360842532
102632580	0.73414952571718
102633726	-0.519868952642096
231507	0.583277253586298
102637692	-1.34114536550131
171196	0.574694045241257
791076	0.215787943480096
381452	-1.1339828344827
74343	0.434787653800793
102639242	-1.09159022272238
102632781	0.647975707198176
102639603	1.74919655724841
100041660	2.03077694569895
258495	-0.268687137303388
665685	1.03633518628704
404286	-0.190173636692238
66975	1.25664061219145
102636759	0.823515956879964
319582	-1.15912494991618
259159	-1.14429647488185
66439	-0.722897046323019
102637096	-1.92656533537103
66734	-0.286452195292362
117198	0.656390604459264
433882	-2.46280749319794
102642817	-0.90150068780594
211389	-0.594433378122858
102465560	-1.14247093934467
66329	1.06561258196958
258919	0.221765550676153
102641070	-1.20766836904128
97423	1.67262853930448
102641951	1.07832938333432
76648	1.03681986443603
102633783	-0.0511112242756454
329716	0.189180025562271
102631952	-0.119783538252991
102642698	-0.954162212075749
268885	0.848965407735174
102638931	-0.389824350105154
15247	1.51496833155884
102631647	-1.54808288475235
102633580	-1.44820632559509
102638237	1.42726902179668
257932	0.168427639608144
26377	-0.845330248314309
12181	1.06939781749414
329101	0.156534889628956
102637238	-0.0425237765546741
107823	-1.23327724059508
102643229	1.47107072773665
67242	1.20048269240454
108809	-0.630173054817307
100885834	0.321808037452187
18705	-0.706790227535488
14972	0.763537696743238
192292	-0.53527166043368
102633920	-0.364923098176146
27425	-0.977986097748675
102642734	0.319504711241761
14236	1.10767322041453
230779	-0.966481185817566
102639042	-0.315886552889238
102636098	-0.382391289724867
227545	0.658086059359622
257912	-1.51146886938701
102635875	-1.15960203361387
66522	-0.703548282416963
12944	1.27901898087272
100038371	-0.586710690211382
269120	-0.199691576057781
11534	0.709638115161567
102639952	0.039893221761492
102642625	0.123937706974143
67296	1.20973781268159
98582	-0.123834840928364
102636311	0.361625326976181
622640	-0.70328533457756
216131	-0.747253013098066
70078	-0.0106339972001586
102635528	0.921986734373903
100039192	0.143494957166664
102466255	0.46391423986234
100861998	0.74011470852449
77608	0.35293938629312
214191	-1.21626957153672
666279	-0.378927557131953
116701	0.534288662925956
13115	0.819413251233608
102637036	-1.28351497638873
102642222	-0.582597341420908
13667	-0.655112864771757
67348	1.15242161166869
16188	-0.412729915032897
432800	0.551295643712652
102639939	-2.02308268791499
57390	-0.864523498902629
102637770	0.0544013213680854
353155	1.25374427118279
320742	2.82669725587918
234664	-0.783926622430089
102639073	-0.91634506553293
102642438	0.445752801041644
74087	0.848029702749992
76071	-1.20148731544631
14985	-0.751230210019482
102632360	0.954536801568737
105245	2.10953800654286
16821	1.98014244009931
229780	-1.3007639530769
243867	-0.0171343283495398
102642401	-1.0454936756778
257662	0.457531383128513
100526525	-0.950821337847536
16867	-0.220435892394895
102636236	-0.0171894652479011
101055943	0.294725723396431
622629	-0.691389642512891
234421	-0.220230611818589
102635054	-0.191983279847912
54214	0.856840871755188
66915	0.161414255975073
68617	1.54407403700445
102643021	-0.991743698914409
102632175	0.460860908912694
102642366	-1.50496668015318
18166	1.22427679267634
27050	-0.806191102771699
231532	-1.30946933389481
100134990	-1.83546243789586
387165	0.995682591584576
20230	0.239460967354257
16907	0.111273733608204
102633511	-0.133854147250922
213948	-0.171456149394498
102635476	1.52158550688073
258421	0.190717432183474
13052	-0.646945212007548
218793	1.16808058928608
76138	-0.250439780149239
100038411	0.35642828124575
19013	1.64140655202749
16682	-0.108433586182426
245007	0.695299255399088
22767	-0.496507489326919
22142	0.660262517201134
57269	0.332772465553688
11717	1.24462773668207
102635881	-1.40422641991587
67371	-0.260889913677076
666420	-1.06460935212635
545758	0.948173326660032
102634709	1.28042100075089
102632028	0.471318375765483
68775	-1.22138003917587
623046	0.624464474358273
103164605	-1.68436876365785
99929	-0.439012939099374
259067	0.610428379908686
102643132	-0.892864745937685
74570	0.0362181716979116
102640629	0.162274917511787
18413	0.0829406950885663
216119	-0.561098477960251
102635658	0.0830035534982612
102639879	0.438315107874669
432442	1.56687333669171
385658	-1.90761775854663
81907	0.160712002264201
102638544	0.705749111220404
76137	-0.564201275065135
20667	-0.249733656649734
69745	-0.189677152063741
224022	0.554881340528021
76813	-0.877510231537579
101118	1.17396959229893
230657	0.384100973334425
102632191	1.13953849618016
257880	0.624843297708175
74753	-0.332193663480095
170942	-0.520513900635263
64918	-0.686990371149954
101055907	0.79748021088802
76668	0.761381927338452
100040052	0.733504244252848
56371	0.683965447930831
329003	-0.450108808052146
94063	-0.311406687079077
244071	-0.0488253274508906
68011	0.087992148525559
545641	0.981588350724848
17535	-0.959540342409664
100862262	0.999626750523242
102634464	-0.252883836654462
17220	-1.95583376448665
102633143	-0.495424910450773
102631751	0.730217295341687
20861	2.4912996669285
171588	1.0032710945665
330664	0.387270094277434
16949	-1.29426843373976
735265	0.347539198648018
100503496	1.22963872148834
70840	-0.376218311414218
330513	0.797935726419475
66940	0.688335819773446
100504164	-0.547967418134932
140475	1.85058214296762
268973	-0.141299319362142
629147	0.80964523320155
218518	-0.22129296824791
78631	-0.498491142962099
380718	1.62927103695726
207839	0.156616443354164
215449	1.00908258190763
102632749	1.04797641034052
102465626	0.467452156485044
15369	0.291168482933708
414072	0.357669227826158
102545	-0.0680069955626026
56185	-0.248977359171509
70874	-0.753518700282743
102637468	-1.85816143077772
102634126	0.246356942332394
100125933	0.209182468470555
229937	0.704481851080662
235072	0.569869968532868
629016	0.496431053935442
74155	0.0434452558215545
102631797	0.592357811612377
233549	-2.02264409689389
208613	-0.602040766907404
102634390	-0.338762430170092
231207	-0.807803775444908
100039545	-0.579928697541633
269224	1.35079651361718
100040462	-1.12841584580298
102632460	0.470537615272128
66401	-0.8744995599748
240120	0.656502359160781
230718	1.22576124666672
21753	-0.482607334068171
102632571	1.08631667341789
72536	1.26215627916049
66967	2.33979324974671
102637876	0.272100622232084
68777	2.94885291703691
76917	-0.296711117283928
57432	0.148368147695063
231470	-0.748726148288181
26437	2.09668441100946
224902	0.385160044065441
102636109	1.17232561235047
102639905	0.104261848956774
102634062	-1.17002031900533
102642424	-1.14940179194963
101056084	0.0338188839598624
66084	-0.0364467439675817
69317	-1.23080838476058
71351	-0.345278333132629
69398	0.339181725933186
68916	-0.628779412488868
628053	1.04821548620086
639658	0.748231893462495
102631922	0.217629172804
18114	0.95161796996526
102639412	-0.462370905953606
102638395	1.31191695509709
102640105	2.1773869569297
71198	-0.397736466401282
102632844	2.21148093862233
102640760	0.319670094631177
231214	0.499060037353732
102635722	0.0771162040753896
230761	0.113109052231425
102637752	-0.790035534376023
102634869	0.771901002141324
258979	-1.30474651890918
102633846	0.472745401197795
102636644	-0.607300780735178
102640770	-0.617470795931227
65964	1.40580933667208
215751	0.419230081359865
768252	-1.3587066516382
100043257	0.872169159183167
67465	-0.300928647471441
102635068	-0.718342634796677
100503538	-0.672684016642128
102635233	0.0973133011013997
11864	-0.517241265355566
100861738	-0.445721248730649
76157	-0.202770850850354
14227	0.272352955820583
258252	0.711111577944155
210973	-2.95363730969134
102632465	-1.48082612220792
104795667	-0.104945628661573
58233	-0.696046916091951
102632353	0.399895211653848
102633468	-0.346918064433005
102642560	-0.289243101243622
102640449	-0.413018710752579
17311	0.925728278653916
102636837	0.00131919381081138
102633072	0.682598203062375
102635654	0.679541700267119
107626	0.423278275922907
15015	0.218865056461026
258371	-1.77976466207184
102636218	0.144020895305467
20844	-0.125870017858559
541463	-0.00518646966409944
74426	-0.229205649887217
102634646	0.782659801487745
102637821	0.670196223570207
102465543	-0.016100515330512
110385	-0.354398129647626
102635627	-0.340242631163788
102640924	-0.77473046735203
102641586	-2.01100129485123
13222	-0.317521981474514
102637922	-0.577684354600114
102633850	0.410873457224884
12537	0.16426603415387
269233	1.47137029501713
12476	-0.716981487565022
74589	0.823647000694347
74051	-0.0708902298128883
68195	-0.41409531891663
75437	1.14961894629241
74194	-0.387438384328907
21400	1.57134542638453
102641428	-0.678775669810033
102642334	0.731612473055251
16468	-1.93534562618593
102638490	-1.2592451897217
22030	-0.702252098099749
102639316	-1.63474620989628
56795	2.29713063102807
109333	-0.131805212709417
102636106	-1.49588674702032
102639437	-1.84313477809902
75576	0.0390816867703832
223828	0.57444611750466
380928	-0.127977260078157
432735	-0.258972930881075
12424	2.14165172350065
21374	-0.392876379263174
102634105	-0.637996197280431
102638775	0.511021275433757
332578	0.305605194503039
93874	0.513859229409977
353235	-0.453804282701795
110175	0.41341854077376
69117	-0.777781271435042
63985	-0.358621100902282
12994	0.179322777653114
102631652	0.476018076064723
102633578	1.38445699561573
100504287	1.97031701424956
433273	-0.569363147313893
622139	-0.666409413685221
258455	-1.00383792908646
654459	0.126041445121282
102636405	-0.68415435958511
80978	0.562110681175662
207965	-0.539454230511383
102641276	-0.530592593578059
240880	-0.258814941530102
629524	-0.130640110850906
102640953	1.69921436988209
671232	1.08732125650199
72205	0.840120047623865
259061	0.200585066638698
269523	-0.152456913723971
102640077	0.415513226375821
102642462	1.35401045595096
102634697	-0.222124801563022
76367	0.794200145601175
217682	0.0627343832799539
102635134	0.59556841644542
75905	0.282737516438796
408057	-0.578581360576509
102638996	0.453948361035621
433855	-1.93418975804702
66720	0.326720843453862
68870	0.148930252987306
624957	0.240437321647201
17901	-0.298010213969586
244646	0.874165098316713
634104	-0.845430206714038
241226	0.426793115457682
102641797	-0.650559273719996
64051	-0.537790326694785
102638034	1.24609816187836
53357	0.073839817171271
102636328	0.504465138951924
93690	-0.461848464455518
18082	0.169181637979409
102640799	-0.386489539587286
102642988	1.92376031569103
102639399	0.341415983562286
76566	-0.674280987255494
18673	-0.383841937715093
102641027	-0.981464528212982
258520	-1.17539313633159
17876	-1.57323878609566
102466798	-1.57053803561126
16963	-0.348813704562146
192136	-1.57945229859886
102641500	-0.794562221712792
20147	-1.2438367913202
100124480	2.10145172882612
207375	0.313658859478383
70835	1.18773770863955
68565	1.44293466426195
93960	2.354422441572
214639	-0.546543225308664
319322	-0.983634526841598
20234	-0.117902209545183
245350	-0.915315192094025
195712	-1.33400425335645
102637274	-0.546092927617611
17766	-0.754632342534681
77582	-1.15599180718773
102638853	-0.326899398859458
100217450	1.47955823000856
102637111	-1.83131369090647
212127	-2.46840677368603
102641557	-0.881013378613385
225594	-0.299310317359443
230597	-0.367142837727814
270906	-0.661102809689975
24074	-1.42804983679212
102639992	-0.149525909050933
545126	0.586664062269757
258694	-1.54745207131782
102639833	2.19055777060028
100124475	-2.45148216081546
102642722	0.926295027024975
671650	1.61183392825721
241520	0.109065701220493
102637806	0.149366604360567
69824	0.356502885247051
117160	-1.27827126588953
13447	1.2610183197926
276920	-0.119088244132886
74154	0.250603576750821
102642713	-0.323695211710205
12590	0.682046487364703
102633359	-0.0273388707012371
73679	1.10461471466178
102631687	-0.251693622586318
70853	0.259513906951893
72632	1.29507312694407
100043566	0.191523722661468
216080	0.0642427386101471
22196	0.00394984699796946
232341	0.0143944188097968
20377	-0.578419735341709
258754	-1.32397718452854
258716	-0.393711618910394
69031	2.21205741327852
14408	-0.631553032374947
100042943	0.538140974633544
238271	-0.294823503737072
103841	-1.80143069709261
102633229	0.284889465731755
387178	2.56756078493453
78755	-1.55694183547091
627488	-1.30754147957586
18811	0.552940598100613
66323	0.161593678228362
102637167	-0.614120750942468
100862224	1.22591110445814
107182	0.90758614787037
117172	0.791115474535307
78833	1.73525623078219
102641401	-0.707973468397111
102641808	-0.339686253771944
331416	-0.116710399519598
102637327	1.19991498781557
102634424	-0.432357525925199
630836	-0.602572114075981
102637907	-0.138788332126559
109778	-1.30758317778366
668880	0.833525125930112
226970	0.484952396107541
545947	-0.210320864896856
24082	0.455208647932581
21414	-0.839439492014564
56515	1.20068151169666
77522	-0.319602486495876
213054	-0.206377947164496
224079	-0.448367894772306
19193	0.613694482142648
226757	1.06185400852003
100043571	-0.429510212475378
102639211	0.372708189614341
12957	-0.302208565207032
329160	0.114221222186088
76025	0.754728258875408
102632054	-0.643701628892399
102633559	0.836765567023953
102638429	-0.850366557018341
226564	0.610488072526686
668964	1.28071218464863
67357	-0.253348108472574
100504298	-0.195712403573104
102632950	0.00960506251401018
13830	0.384124153896404
102640902	0.0371787610851581
75381	-0.887677624722537
101055782	-0.357041809317692
101055977	1.50226311406349
338351	-0.273439471845314
68922	-0.524854195299454
102637533	-0.129183480955601
20935	-0.457980374002247
328401	0.276666768559953
20318	0.0123424016635539
102636683	-0.447112095274259
258418	0.1656487861657
94219	-1.65091214066569
69108	-1.47506496305737
240023	-0.138030229109564
666185	-0.729274432232965
193796	0.610567650276508
69940	0.885668782522576
23984	0.121947048970447
100041187	-0.4061575469064
57752	1.77493226832305
100042929	-0.598954932716879
14602	0.850183998837661
14283	-0.470523473733221
102635590	-0.482607893581274
241732	0.318563294186696
272538	-0.219235856249307
18754	1.13448483453979
102636961	0.700046292316612
102634056	-0.469672856631966
102637186	0.0952651542941713
102634328	1.01317078833361
217154	0.456663598169925
620499	0.416829336602021
102635223	0.23617747029065
67456	-1.19816316135532
11957	-0.253481000928337
102637066	0.235509104673817
68920	-0.13296078016776
105446	1.07051260227598
67037	-1.3088672285226
71345	0.748760882751936
102634273	0.177118002997695
319915	0.216056193222497
319560	-0.260256642751049
102634513	0.4268901261167
102639813	-0.545165055518186
102642414	-0.767393602840621
104362	-1.08569496494859
239706	-1.05333634935037
102638061	0.386760470877098
102633513	-0.0747130112302755
102634216	0.347410630525098
435949	1.67137257307987
216810	-0.233130892352876
102641863	-1.29497362494299
320454	0.944948184324181
16924	0.435995226964264
100504477	1.45243955958231
268822	-1.15984903678632
18595	-0.697616742680084
101861	1.25436768934164
17991	0.0160758699084955
68173	-1.36283216483146
328759	-1.69584821674354
677289	0.225675940414911
546896	0.520617542923153
102638106	0.431576978556206
319163	-0.451726566781342
100126692	1.13784103249156
57275	0.334693446348244
102638950	-0.599512560484189
102634847	-0.236623267377661
102631576	-0.665844329491205
74272	0.343140381240422
16476	-0.262997226085824
59026	1.00198697711135
240633	-0.608161539547163
102633832	0.0461799193596425
81011	1.7206769586291
19933	0.00440909449192078
70248	2.23761495056226
271786	1.1470966671969
100043665	-0.984972717455124
102636141	-0.518164779634503
330173	-1.10720492754322
102635977	-2.56653420947989
70800	-1.57658433203062
259072	0.728351928493307
233578	0.711178718288675
233071	1.65344484860504
791415	0.575417013502261
74167	-0.349029405523814
244886	0.244805167767832
19073	1.78123179489015
102633394	-0.0516132850546773
102639694	0.462507933180376
102635127	-0.993825772312561
102638827	2.2391973440827
53880	-1.28650186808861
14783	0.0684814480040759
102634311	-1.26617827222388
13009	-0.28420164637038
56360	-0.537259157324244
328370	-0.489977644350466
102637220	-0.226644059621804
100862245	-0.40714768272368
102639895	-1.28055925874847
100316713	-0.982444238412403
102639579	0.666498176791431
100861656	1.3489334540696
102640530	0.451811811421465
627352	-0.0163193913957308
102633115	-1.09772532993137
56016	-1.36686466376337
102640347	1.84865351393455
100504540	0.619189652027081
102632389	1.28099830586256
269536	-1.36887200393682
20448	-0.952070046983505
69055	-0.413948744721017
622675	-0.939124277306366
20739	-1.1705417101629
102638901	-0.360465267933479
234311	0.165644377755787
71997	-1.07773353103186
105670	0.64973229630581
17258	-0.819151877965999
102635294	2.36221088968632
16353	0.117007616211764
244882	-2.10358595835254
70936	0.972800239129174
192185	-1.8826025097876
231128	-1.85135026830669
102632760	-0.151786053896017
67039	0.0516411285727902
224143	-0.071311595956118
66163	-1.19925718182878
102639762	-0.136755884099168
19328	-1.05495743330946
102635749	-0.980336967622179
30944	-1.70381637621212
237782	0.78948073801011
102636253	-1.33110498088074
226075	-0.324466039644765
102631759	-0.870192863419327
628518	-0.43450658721245
104001	1.14041526540171
100217425	1.64786744646956
546071	0.642357643825542
235907	0.607698485686276
102638050	1.61316941969038
100039065	-0.194305934714995
258284	-0.667895399637139
67750	-1.36315073152766
28193	-1.04362248453034
73779	0.939442765570516
12259	2.2427411873861
78914	-1.81889270742874
14923	-0.329167631690159
70900	-0.105555727000347
170765	0.156613786449214
381925	-1.02145976494038
72229	1.11871810802654
74548	2.03386400492878
68857	-0.486885747868412
108101	1.42809040816493
20286	-1.19305610187333
102640587	0.143995112792278
22787	1.45480427336683
78894	0.903418393419254
228677	-0.447738419308755
102641944	0.0901288977813557
102465199	-0.480831727119314
102633319	-1.11261428382499
75384	-0.743470082869435
102634607	0.945683136074092
329427	-0.10819183444812
225187	-1.10204153736217
105675	1.73689515314327
279610	-0.515870936274826
21378	-0.997651591191122
436062	0.0747307008408679
93881	1.62041469718082
76779	-0.251943523528889
14000	0.510536137105975
102634321	0.210824065023987
258737	-0.301929521654536
100862062	-1.98173921826656
102639492	-0.727592887406841
102632436	-0.744645621031133
102643213	0.833022579030881
102635051	0.813075039936076
102637919	-0.134775019683884
52430	-0.800894209621158
67872	0.815969257647647
320333	-0.606701892125315
24060	-1.12411111739839
102634886	0.74568853639533
102634532	-0.526479284373155
12390	-0.628201875392593
102636149	0.851226517764247
68246	-0.550654648234352
208715	0.477780559587431
75288	-1.26582213178182
319506	1.33996315720488
102639048	-0.710308491784409
102633032	1.86408166752106
328489	-0.542522369106643
75494	-0.261181164939779
243862	0.842014985277046
102643104	1.86317071472874
208647	-1.56576782466959
102634195	0.621168202977132
66988	-0.851219676949279
100503991	1.55779906822012
258460	0.231671896685916
102634534	0.649585427235065
330963	1.32324664381816
72053	-0.0729588567670655
102643149	1.3913336919366
102638051	-0.27281637622547
100526494	0.282463332883494
72096	0.272638280510127
386753	-0.137458974727852
100233208	0.693489738850973
22033	1.49712443253011
102632113	0.561255439091269
218973	0.901967614824638
207618	0.0777894404036937
102636087	-0.106838346958769
11833	-0.568735252999021
102632666	0.611673759957189
67655	-1.23241638922116
170767	-1.12781652971785
223809	2.1034741800264
666907	-0.748570728508604
216871	-2.71935951188996
102636445	-0.512913696809884
224344	0.635854204135538
102632604	-1.38867287085917
102640700	-1.05221205256398
23957	0.599617166932833
258526	1.1894386586364
102633467	0.38212031247257
71545	-0.529500480996492
70356	-1.17853751569106
102635555	0.680550674127096
102642592	-2.06883108809429
102635736	0.671933687992866
72503	-0.0644290462577357
12116	-0.727559825441388
102632672	-1.03964162964578
258056	0.133785962748849
213006	1.01116759084439
102634510	0.856444620400454
14167	0.289446645497866
102633194	-3.45823267903309
66242	-1.71618687185205
102633275	-0.564483970413409
18183	-0.98467610189232
224840	-0.126877265707166
234362	0.324284960760136
102631643	0.340993313228102
102631810	0.120995640856514
71768	0.616673013609753
13730	0.22130380421073
240638	-0.117432809800394
102640394	1.3621333403894
64379	-1.30244165011883
102635295	-0.17046645753691
66674	0.254369271769214
216987	0.370372364362704
18174	-0.78785898322009
100732	-0.460394980430133
224903	-0.403548589114118
319764	0.236060355393891
11883	0.921575715615168
64213	0.609411759681467
102632036	-1.27680775817045
102641904	-0.25717558862456
109212	1.51182077804066
102637098	0.0497625017737561
258961	1.4432174066087
28064	0.443643407229411
380664	0.679428403092544
107449	-0.258345218030447
102640452	0.304360333372625
22068	-0.408935018892173
224014	-0.497199426607461
545288	0.738665217942661
100039452	0.00234452035440618
83762	-0.456023516672182
382348	-0.161438818252156
11747	0.894459449002175
102636992	-1.15386376762483
102632506	-0.752629135075907
102642616	0.908036116100337
100048658	-1.35963932709172
66171	0.501463009672908
100885829	1.63332313237724
258554	-1.28322281925976
79233	-0.0863193204978579
102631905	-0.0501099711944439
102642762	-0.525326003930667
268345	2.69016799209582
102639313	0.94996638736133
74463	-0.243549589402947
102641663	0.118000053806073
620986	0.815231110434183
102633362	0.402822160998849
13610	1.39484797168643
232811	0.289350789030481
102635832	-1.23618203919341
76464	0.223100959154735
100316678	1.50282964697518
102639046	0.716443565376612
102465636	1.69792485773898
60532	-0.619807814301241
77044	-0.370285132835897
77980	-0.777325450053738
226565	0.803073333963522
17116	1.30625938954069
14115	-0.847912796873961
260298	-0.590776501933503
71876	-1.11586709229798
100503583	0.18670701025284
244871	0.479669763202084
102635796	0.0930464422685781
402773	0.635077530697862
102634609	1.14245848797543
223775	0.14433393393085
68146	1.5327945521353
100503619	0.606081758031593
102642317	0.0559252145086041
102634860	1.11220148171458
381484	-1.56783824442273
102638398	1.16855697910531
102636864	1.62648663424541
102631609	0.246239619744303
432628	0.236592923761523
434726	-0.317201659457238
68567	0.332576372329872
18359	0.274148636725848
102639079	0.0297320510590038
16010	0.383254499168464
11481	0.573289976540156
258525	0.0882391652442927
102638205	0.213412493948893
258372	0.556001383500117
102465222	0.0597567861362809
102632207	-0.602266854168071
102632153	-1.88902097900638
224829	-1.54635354185514
12287	0.541294801687538
102640356	-0.0136977469074067
17306	-0.417687954326138
22344	0.286169000901941
258630	-3.34943772578005
11732	-0.231629580207603
214058	-1.89118413228771
52551	1.10217722156041
227377	-0.181677466877732
67228	-0.275770674829307
230753	-0.0219549609739203
100861821	1.06547346096222
105847	0.28404670707412
101055634	1.40535056628209
71908	0.0335613492433642
724063	-0.24877669879276
29875	0.385890215097878
258494	0.307606272621081
100526498	-2.31712701931829
102634692	1.23927768735539
242800	-0.429672239152995
102638722	0.225138510796147
102636539	0.763339186235449
433023	0.0650472899500067
102642174	-0.74051017569395
239618	1.02396923102507
102638825	0.936333897964365
100502630	-0.320809359846806
110310	0.327761686643533
100861492	-0.940658310293365
57342	-2.06905560067426
102636377	-1.71395475010117
67317	-0.786286351928092
269198	0.397533754998321
102637666	-0.0169944246886195
72891	1.08397865737314
15118	-0.342485014905513
11740	0.150091790462994
102632503	-1.13803488704013
383491	0.850634279201277
20947	-0.951193125017044
21390	-0.476776881594628
53973	-0.40595016104484
102638694	-1.73018397042963
50880	0.67319415829168
71903	0.00748009585734899
106248	0.735466771570722
102634743	0.00992058899222021
12526	-0.987123836445254
102639208	-0.857302048455876
102636690	0.904563411097778
98388	0.815900803366043
320492	-1.15432666966076
102636789	0.415697840703479
70427	-1.01997971650516
102634347	0.282137399530211
102636506	0.193090594597706
100340	-1.09675258549906
102640634	0.939296108373774
329369	-0.574537966361501
53622	-0.17986379557687
76459	-0.692522377049708
71720	0.515023868010917
102465771	1.28575372863383
102636938	0.870630878881159
70686	-0.887708618864263
12176	-0.739340878432391
102631615	0.242194202096262
102634633	0.0851531151133506
100499523	1.62791592020645
66270	-0.624703678156547
104836	-0.642508051158137
66711	0.866390182002802
74178	1.6386612046539
102637429	0.466607323726152
74236	-0.909323400983722
102636068	-0.847398072068325
665290	-0.710681933396249
69699	-1.13120693382451
230674	-0.127204685413096
83491	0.470435837530827
258074	0.398852830054212
72055	-0.845050114957682
72560	0.919775594870903
218311	-1.47519476850139
333182	2.0626112393451
12953	0.310793794301985
102633864	-1.20038482703793
22654	-0.531688680735857
50799	-0.725183582609714
629499	-0.37134240830092
83995	0.854645069258486
16336	-1.0105591261927
229211	-2.17867660444026
68465	-1.16818079573861
102631575	0.334437694151451
106947	-1.46462679402617
74931	-0.780524114868533
666377	0.0736556489680421
102631793	0.627872515822075
110935	-1.22165123451453
668588	0.522909797898424
102642832	1.07562479403546
384220	0.992777858718312
621430	0.389651671513287
59095	0.463173998782761
66343	-1.28263420001535
76969	-0.381499511305368
16159	1.25973232299747
56534	-0.290366484780248
102635136	0.215833039542567
28015	-0.650518452122125
72669	-0.319795853369063
102465714	0.575843062106428
237730	-0.35065651589675
19332	-1.90313973148806
257959	-0.0179500990661293
67605	0.249272192504619
329096	-0.900561044785922
240514	-0.0644550785783799
244579	0.693410610087129
102639438	-0.976356490059641
328830	1.49808728379273
258543	0.079541081234378
18041	1.86602264185624
102633934	0.346864910381293
102635848	-0.0280254264799224
102640360	-1.16155568075863
18830	0.132587690347287
217866	0.351825223423943
228770	-1.18307692985736
76646	-0.0449504649129733
432725	1.19753280694497
246196	-0.072941761902647
76854	-0.40856063671989
102642903	0.211559472969172
102642268	-3.08004259636199
319455	0.469245105796009
192976	0.130643169375423
102632541	-1.25492796343659
11520	-1.16796104795056
59308	2.14685801529828
68023	-0.54857915060156
102465661	1.68837373542588
102640340	-1.21489396679159
213438	-0.671443981994586
21750	0.0644412349345151
102638362	-0.85047460071858
57255	0.736814781029515
