"p.geomean"	"stat.mean"	"p.val"	"q.val"	"set.size"	"exp1"	"exp2"	"exp3"	"exp4"	"exp5"	"exp6"
"aga00510 N-Glycan biosynthesis"	0.186300655805903	0.870215256524174	0.0171964943965033	0.827632576063539	35	0.227239122828125	0.149525837800593	0.366370634920573	0.097821369672917	0.260453190546118	0.131826546532328
"aga00230 Purine metabolism"	0.212573979542743	0.762921603427138	0.0311094393240944	0.827632576063539	116	0.32870536429255	0.253126504369177	0.390940535357356	0.17266543138295	0.192260890393168	0.0854494267861529
"aga00240 Pyrimidine metabolism"	0.222529212591684	0.749413442661267	0.0336032809938389	0.827632576063539	75	0.230679331359886	0.149324882461077	0.344452150607654	0.291374063777744	0.145373382774677	0.241610961487089
"aga03020 RNA polymerase"	0.19650300869941	0.729581326588614	0.0390360510358147	0.827632576063539	26	0.108969892414742	0.171873230599805	0.160362338989305	0.0615569529728312	0.709117047412637	0.43914004403578
"aga00900 Terpenoid backbone biosynthesis"	0.226532060317351	0.701134469792687	0.044980031307801	0.827632576063539	22	0.134173956592748	0.140885233275169	0.151123546696423	0.361349579810578	0.552943872514212	0.23675742411412
"aga04145 Phagosome"	0.223752918820391	0.616120132570822	0.0670645518338264	0.843384030317268	53	0.0821944543903494	0.485361097314746	0.443961078083565	0.630537729757408	0.0576014852496602	0.195081064753392
"aga00563 Glycosylphosphatidylinositol(GPI)-anchor biosynthesis"	0.217782073893591	0.58798116740998	0.0794437749999134	0.843384030317268	24	0.565610578535047	0.206304698505678	0.685395473713391	0.327344293273664	0.0172395984739475	0.236392111624153
"aga03460 Fanconi anemia pathway"	0.249369124870327	0.534536028444984	0.0976594274055452	0.843384030317268	27	0.808622055169419	0.08522778699684	0.340469140816239	0.309459191028778	0.281046925309556	0.117833645423588
"aga00910 Nitrogen metabolism"	0.282871970779019	0.506227060450266	0.112545379855412	0.843384030317268	13	0.274830203010785	0.128963099227783	0.340341375013563	0.532098824831538	0.141263395807838	0.565031794324876
"aga03040 Spliceosome"	0.260193900136373	0.488350774440728	0.116396295103688	0.843384030317268	108	0.12321145943576	0.281673944514238	0.239485414848697	0.824612564912199	0.444280489859947	0.101905735793702
"aga03440 Homologous recombination"	0.31734332706284	0.445506976976641	0.139718186380569	0.843384030317268	22	0.556095374123645	0.267248438224105	0.362852826764992	0.174016064129267	0.338032503082898	0.321983377513483
"aga03060 Protein export"	0.29233063792953	0.44794769798259	0.140125932279633	0.843384030317268	21	0.214106529457357	0.0649560384103605	0.499205897988857	0.412109901739708	0.579854866698127	0.376170297216165
"aga00983 Drug metabolism - other enzymes"	0.268892941247593	0.417507737913835	0.158492927342677	0.843384030317268	18	0.814655353369663	0.661982816714214	0.0820285976567232	0.379975448212232	0.126647077173001	0.177557811419738
"aga03030 DNA replication"	0.288918753864298	0.360500133861111	0.192165729949185	0.843384030317268	34	0.627526626540967	0.337047567570487	0.701630548298594	0.530473694796991	0.0388223889656646	0.190316500750405
"aga04146 Peroxisome"	0.275028558262994	0.353585580162786	0.194567413036035	0.843384030317268	64	0.768145049346861	0.158144148281661	0.83539220714448	0.307537204517082	0.209474662366395	0.0661989055761817
"aga04745 Phototransduction - fly"	0.26678766081857	0.35926406586779	0.196179283481037	0.843384030317268	25	0.657185753523475	0.2721815349275	0.303579843855844	0.7751177236438	0.0175164595393184	0.489058380051031
"aga04070 Phosphatidylinositol signaling system"	0.309247139392076	0.347339132949056	0.19990074266678	0.843384030317268	35	0.570896643481051	0.15315627621467	0.633577763019781	0.639483633776546	0.29782015501679	0.0829007409383684
"aga04310 Wnt signaling pathway"	0.342969249346061	0.338451390040059	0.204380398461495	0.843384030317268	56	0.246379068687491	0.223877629402744	0.678771879425398	0.537968481406305	0.263589684425199	0.306554365246246
"aga00590 Arachidonic acid metabolism"	0.352086921722438	0.326278789378164	0.216032165639627	0.843384030317268	13	0.569244077728222	0.593961906885398	0.223581097710566	0.420042154704922	0.214694272613069	0.279443380492532
"aga00480 Glutathione metabolism"	0.365133017267184	0.313896727478861	0.221856991497402	0.843384030317268	43	0.333375493445521	0.314946016773229	0.404385376799026	0.298792865585495	0.636773696786254	0.293349979705846
"aga00650 Butanoate metabolism"	0.331657519147571	0.307831550736311	0.230560218117033	0.843384030317268	14	0.335198746733487	0.467849709399062	0.0838457112341026	0.38723280114197	0.789264718975317	0.331172797042483
"aga03430 Mismatch repair"	0.2988514099975	0.305352866738602	0.234097833496089	0.843384030317268	18	0.826839766365669	0.219683246913354	0.551143614190198	0.525231394500012	0.0376322844714082	0.360029030357445
"aga00562 Inositol phosphate metabolism"	0.333231705085029	0.29283095813998	0.2396427265751	0.843384030317268	30	0.621038013991231	0.0674900162075505	0.604644393607754	0.573294547081444	0.359561457006101	0.262101316448924
"aga01040 Biosynthesis of unsaturated fatty acids"	0.369833070561565	0.263338662152879	0.263152179924476	0.843384030317268	14	0.630504618864565	0.203995953271463	0.275144005035184	0.509758276389	0.583926737787945	0.24290806406257
"aga04141 Protein processing in endoplasmic reticulum"	0.370263802255522	0.256976922272056	0.264960286093757	0.843384030317268	110	0.472159442591556	0.139310553687541	0.333282560223643	0.682189404689991	0.403405281189122	0.427106030679574
"aga03410 Base excision repair"	0.367789474223702	0.258523410892879	0.26620541858535	0.843384030317268	17	0.660657712558447	0.34466396331971	0.457122530509035	0.59274001659167	0.242435519376313	0.165474190379043
"aga00410 beta-Alanine metabolism"	0.361389394096871	0.252913008815983	0.270771426947103	0.843384030317268	18	0.293363697406282	0.380681421218831	0.143972234541385	0.62361330797572	0.729286309828024	0.304643687870876
"aga04330 Notch signaling pathway"	0.314848994977533	0.241503012468715	0.280340534098252	0.843384030317268	21	0.118526415137231	0.511161183973122	0.592090264854625	0.34437545673782	0.894136694769399	0.0881894878139675
"aga04150 mTOR signaling pathway"	0.4050874862048	0.224902218257808	0.291877540141386	0.843384030317268	31	0.243835814598327	0.459068942337201	0.440823305230747	0.457000947951656	0.439607899121761	0.44572851844565
"aga00970 Aminoacyl-tRNA biosynthesis"	0.364571786154657	0.208683473212523	0.305833897735069	0.843384030317268	43	0.72104931080839	0.324197317778294	0.151432945156989	0.524007959102585	0.691620463886002	0.183019711050093
"aga00564 Glycerophospholipid metabolism"	0.344647192480176	0.204612244870498	0.309638025383428	0.843384030317268	48	0.16175290891258	0.669311474149677	0.488853096024799	0.800397723312891	0.0884568335211478	0.447252211663366
"aga00360 Phenylalanine metabolism"	0.390780751225719	0.202961661190587	0.313104594841102	0.843384030317268	10	0.34253356447599	0.298593670699696	0.458452510530604	0.759528476597871	0.207077420964973	0.48288541129598
"aga00860 Porphyrin and chlorophyll metabolism"	0.400694951136402	0.198278466941534	0.315426869316689	0.843384030317268	19	0.22207424957238	0.539659000968496	0.310476513989924	0.32555982765128	0.547910072882429	0.623586558129607
"aga00250 Alanine, aspartate and glutamate metabolism"	0.366289555195636	0.192969682473418	0.319050357503239	0.843384030317268	29	0.250454311489433	0.163933601125261	0.575138141742418	0.865294776370039	0.390914204555008	0.302366041521524
"aga00280 Valine, leucine and isoleucine degradation"	0.380383877888762	0.180074599629771	0.33108882477916	0.843384030317268	31	0.36234479008568	0.350072659953669	0.116364991013419	0.440893461025465	0.774114999842327	0.601299597413869
"aga00130 Ubiquinone and other terpenoid-quinone biosynthesis"	0.401244961862901	0.173626188284861	0.337497611890515	0.843384030317268	10	0.309275018418052	0.805522485906368	0.340418633648325	0.485454436178176	0.336649020640123	0.301089694283912
"aga00514 Other types of O-glycan biosynthesis"	0.38150517833294	0.163009752300461	0.351469210422234	0.843384030317268	11	0.746219329080649	0.565505504670406	0.595575097912994	0.479602683946332	0.238445197605255	0.107273531137792
"aga00190 Oxidative phosphorylation"	0.350448018341794	0.132046309330171	0.374055174788224	0.843384030317268	98	0.4056847260397	0.513420038957464	0.584635209940562	0.880076060817122	0.0434305437546203	0.397996943698855
"aga00760 Nicotinate and nicotinamide metabolism"	0.40574711203008	0.126939206623635	0.380206212415072	0.843384030317268	15	0.68720700773068	0.286492559747347	0.653353673974601	0.648650658298185	0.179148263035929	0.298510694113014
"aga04320 Dorso-ventral axis formation"	0.427529205110522	0.119448049198713	0.386091755032884	0.843384030317268	25	0.519582500605045	0.551367044793482	0.645240220589087	0.509115542266584	0.187224322707805	0.346576689445075
"aga04391 Hippo signaling pathway - fly"	0.352913291153999	0.11886659888762	0.387058190954426	0.843384030317268	52	0.60283756208914	0.855737110685388	0.0554426500929232	0.582166879908997	0.199725176988767	0.580955847383888
"aga04130 SNARE interactions in vesicular transport"	0.441814908213097	0.0886252566735299	0.415091887106329	0.843384030317268	19	0.499278498381288	0.463317301079658	0.300499816763627	0.257278039412502	0.649561303458551	0.640256125970996
"aga04340 Hedgehog signaling pathway"	0.392977586167542	0.0529070885898203	0.445704838065608	0.843384030317268	23	0.269875018783828	0.319224992132404	0.948364115381229	0.593339204578209	0.18222921036641	0.416918304330486
"aga04144 Endocytosis"	0.416182534834676	0.0470150903121814	0.454390092898619	0.843384030317268	109	0.621206807738405	0.124059760796949	0.508975893084286	0.272869573072971	0.592417834073683	0.819512366948116
"aga00770 Pantothenate and CoA biosynthesis"	0.439171851311909	0.0336793767819715	0.467632027545138	0.843384030317268	10	0.762744421987646	0.279763940454434	0.56300484970999	0.351203184785505	0.231464389200786	0.734651610920097
"aga00982 Drug metabolism - cytochrome P450"	0.466632039101986	0.0268247763572386	0.473848597922037	0.843384030317268	19	0.687691574572222	0.387538722356216	0.483652346387652	0.690108406176542	0.322158505003645	0.360261871831117
"aga00565 Ether lipid metabolism"	0.40614528369476	0.0284466195837536	0.476903474365534	0.843384030317268	16	0.56274718671809	0.712806138345103	0.0664250878741471	0.729370655016123	0.348447629451664	0.662805013552311
"aga00380 Tryptophan metabolism"	0.428314711447027	0.0227297748429661	0.478745509256316	0.843384030317268	19	0.45694262166329	0.202267622166175	0.181834792823105	0.741273746574338	0.710962288089309	0.697088215330152
"aga00350 Tyrosine metabolism"	0.385604369333558	0.0219257274099022	0.479929978441646	0.843384030317268	13	0.909392144401083	0.476715685703896	0.643138328525834	0.651755717654489	0.080802747421615	0.223885345367613
"aga00260 Glycine, serine and threonine metabolism"	0.370046883236033	0.0163788758577148	0.481730787036361	0.843384030317268	32	0.885471846011199	0.262890215454323	0.163192583539855	0.315125493086315	0.229093397917329	0.936256389603824
"aga04080 Neuroactive ligand-receptor interaction"	0.450688078299139	0.0140230973393732	0.48678065234569	0.843384030317268	40	0.682876763521738	0.6156151119918	0.696838485995574	0.442117389585369	0.153905163367783	0.420418576894175
"aga00980 Metabolism of xenobiotics by cytochrome P450"	0.488489581396538	-0.0156608624003714	0.514966706471908	0.843384030317268	19	0.55678656852166	0.347827668524161	0.528406357892987	0.741202766066313	0.469313453465824	0.381690092262905
"aga00520 Amino sugar and nucleotide sugar metabolism"	0.47739977950473	-0.0212033682165413	0.520590583010785	0.843384030317268	43	0.428282047161747	0.237159926323306	0.561496704025026	0.448657338389205	0.599292865280453	0.772006600669721
"aga03015 mRNA surveillance pathway"	0.422663195377096	-0.0328559789744077	0.532234370384983	0.843384030317268	59	0.553959396531688	0.0843928191132261	0.469412099012094	0.653025077187123	0.89682702879608	0.443598773764995
"aga04140 Regulation of autophagy"	0.449959904264129	-0.0526183325742773	0.549444312329671	0.843384030317268	18	0.159150418663775	0.434167436901003	0.896550747301512	0.389197001489892	0.502993449357768	0.684338808650078
"aga00534 Glycosaminoglycan biosynthesis - heparan sulfate / heparin"	0.486336846033098	-0.0515129363985593	0.549562476965517	0.843384030317268	12	0.444361933504332	0.491514190911499	0.213871124049869	0.598240858761219	0.630722828696571	0.750729291768488
"aga04013 MAPK signaling pathway - fly"	0.505286487879001	-0.0721312604472884	0.568593894049599	0.843384030317268	17	0.820873931959791	0.423072495338061	0.542337967984415	0.476886820689722	0.418609097859666	0.442630013777138
"aga00630 Glyoxylate and dicarboxylate metabolism"	0.500320794613833	-0.0858308823368628	0.58250707782434	0.843384030317268	23	0.547973485969403	0.442928337182665	0.252960624442328	0.550471453328708	0.815088059453952	0.569385040663851
"aga03050 Proteasome"	0.465554274546018	-0.0900034233788294	0.586393592065397	0.843384030317268	39	0.165494428938996	0.509762649166604	0.730510979438932	0.382432135598886	0.488667525928973	0.884048142197809
"aga00620 Pyruvate metabolism"	0.493557736012451	-0.104369776381908	0.599817734287589	0.843384030317268	28	0.722294974251402	0.549668161214192	0.266158753838462	0.496152635799042	0.329619540294198	0.836456959590705
"aga04142 Lysosome"	0.45255195849343	-0.111195564047538	0.607551994570286	0.843384030317268	69	0.481123683776493	0.0828053715333285	0.674173932149133	0.58216156726949	0.636556317422586	0.863064248019847
"aga04350 TGF-beta signaling pathway"	0.488857079804127	-0.116796059030611	0.610006109515222	0.843384030317268	28	0.925715607447382	0.360108268808065	0.294326662927712	0.498209408606998	0.538598545889196	0.518410832133873
"aga00981 Insect hormone biosynthesis"	0.451341844262323	-0.125637752972435	0.611190574228364	0.843384030317268	13	0.613118732578724	0.609759290620433	0.330290522126593	0.344516014787586	0.962781819458516	0.206394051562342
"aga00030 Pentose phosphate pathway"	0.50505101490382	-0.119682524274486	0.613852881504135	0.843384030317268	19	0.54257619142099	0.461537303173512	0.24846313822421	0.802441263225559	0.747415439748515	0.444740483503415
"aga00561 Glycerolipid metabolism"	0.45752180046674	-0.124187495713748	0.616885961369468	0.843384030317268	30	0.273447827083005	0.666806020914749	0.592534462704969	0.9392092072954	0.525199350772008	0.172106245158879
"aga00640 Propanoate metabolism"	0.479940560337976	-0.126918307219222	0.620633063543328	0.843384030317268	15	0.487171962651512	0.151496091772386	0.411350912643283	0.677778735275704	0.859627847553722	0.690923762949099
"aga00670 One carbon pool by folate"	0.440879286554955	-0.126574264230364	0.622571170618552	0.843384030317268	12	0.642227810763545	0.192874719840409	0.119946412593594	0.751382626230178	0.81685912993724	0.805300882775204
"aga03018 RNA degradation"	0.510257947090244	-0.131995843072434	0.626050479312525	0.843384030317268	54	0.542359165944593	0.541496634174037	0.867306590048399	0.448272864772279	0.261024816971006	0.592187208334394
"aga00500 Starch and sucrose metabolism"	0.505107455207559	-0.152762310949221	0.644872828369988	0.843384030317268	23	0.632926440889587	0.553914748279628	0.176376442314819	0.470155227121033	0.826113204835301	0.691488708415799
"aga00051 Fructose and mannose metabolism"	0.526127631699863	-0.15398747150136	0.64607275654527	0.843384030317268	22	0.602933280421379	0.229575806969533	0.620432828234204	0.761888020573557	0.502701844306208	0.64484434839527
"aga04630 Jak-STAT signaling pathway"	0.520178510769379	-0.184266541964116	0.672183651998966	0.843384030317268	19	0.737283753570055	0.546354690587655	0.284465902715268	0.746163700387102	0.783802766571608	0.295620110329539
"aga03420 Nucleotide excision repair"	0.509333562017867	-0.188919603910708	0.676646303022335	0.843384030317268	39	0.896952617277852	0.376596686033488	0.544929912499732	0.511843206200005	0.24126970723736	0.768046267933594
"aga00600 Sphingolipid metabolism"	0.439925401643644	-0.201949846287902	0.686009337465814	0.843384030317268	25	0.336387288822281	0.927344657151692	0.153692113510193	0.792314122591685	0.871863398710515	0.218874949270899
"aga00052 Galactose metabolism"	0.426204533605073	-0.210513245388553	0.691688580490269	0.843384030317268	21	0.15105121435795	0.123026779106644	0.577395767310059	0.765028147674322	0.964312401161023	0.757208975073776
"aga00062 Fatty acid elongation"	0.494649189572983	-0.213073637463844	0.69328061217674	0.843384030317268	12	0.255306735072061	0.253399392640074	0.421209765699318	0.743322002125688	0.817465168174378	0.884649616378083
"aga00270 Cysteine and methionine metabolism"	0.522888589389359	-0.221061126726977	0.702100548509027	0.843384030317268	21	0.524713344084383	0.482973242964297	0.914857645779901	0.357705687859354	0.770944369898587	0.31967406133786
"aga02010 ABC transporters"	0.530410703259335	-0.224613261823091	0.70587576450467	0.843384030317268	16	0.318202824570974	0.676452088446362	0.723392724333443	0.836677063389777	0.660809552451798	0.258657032417173
"aga04512 ECM-receptor interaction"	0.487988625918027	-0.267627639385302	0.729353688814805	0.844742943866024	14	0.33029010081312	0.761296858841389	0.979874585546842	0.554403592312541	0.342448575130204	0.288680008151509
"aga00310 Lysine degradation"	0.550229749419226	-0.26390625534976	0.739319636933622	0.844742943866024	29	0.302452650402455	0.79023593288747	0.579883820165921	0.741369074090079	0.803736269645171	0.336016972691107
"aga00790 Folate biosynthesis"	0.570558485136243	-0.274404704907994	0.746067777044756	0.844742943866024	15	0.33312181862083	0.796185871250338	0.782385674560459	0.429661523297502	0.61341745522084	0.630783001673715
"aga00511 Other glycan degradation"	0.597772436942934	-0.27356111256484	0.746382798725028	0.844742943866024	16	0.688434173133212	0.458287694689565	0.725421658813517	0.570944198917422	0.585425625244215	0.596429050215225
"aga00010 Glycolysis / Gluconeogenesis"	0.558087674129197	-0.281003222000522	0.752923058663195	0.844742943866024	32	0.709556892917654	0.6235835081438	0.407525179303686	0.767507538760407	0.264021578535437	0.826906146923385
"aga00020 Citrate cycle (TCA cycle)"	0.617769792719711	-0.315330510678409	0.778844328601993	0.862463034566426	29	0.505788981989104	0.59793204497675	0.71215606507277	0.683714884899764	0.617415447635014	0.611379841168666
"aga03013 RNA transport"	0.577328238136281	-0.329287063542456	0.789624551795864	0.862463034566426	119	0.737527395801272	0.692241547982132	0.394839150703885	0.765398362111342	0.822636014509188	0.291732978132768
"aga00330 Arginine and proline metabolism"	0.603222725676221	-0.349193224910688	0.802307247584634	0.862463034566426	31	0.713654020536108	0.319300671563874	0.674058104906854	0.627627212471358	0.603001993768261	0.828821046717533
"aga00531 Glycosaminoglycan degradation"	0.588017878082312	-0.36097292321691	0.806215445355572	0.862463034566426	15	0.478901647135195	0.563646543274059	0.47019748456203	0.908869095332542	0.438492013356261	0.817234475841227
"aga00040 Pentose and glucuronate interconversions"	0.588639596092827	-0.374537627366039	0.817015598665196	0.863970518128713	21	0.536734408808007	0.313617589754266	0.473110121569378	0.864856583341866	0.83902705716507	0.719871007792542
"aga03010 Ribosome"	0.583033791150819	-0.394053260832836	0.83228095143575	0.870111903773738	129	0.688927383271336	0.243239942746243	0.475353483136238	0.828168167159577	0.665932820335713	0.894104711560263
"aga04120 Ubiquitin mediated proteolysis"	0.625149184162259	-0.525801498515521	0.900287724588259	0.924028736899734	83	0.791295401289059	0.648305435340934	0.278895756136559	0.925127535238209	0.84401121030285	0.534308372806845
"aga03008 Ribosome biogenesis in eukaryotes"	0.688826816410954	-0.534009240253614	0.903941155662783	0.924028736899734	68	0.693421426479997	0.725719997258546	0.716738441173556	0.841544224835889	0.514387539795497	0.684172868005128
"aga00071 Fatty acid degradation"	0.664761624326164	-0.648376778461812	0.941295073106786	0.951638975009058	27	0.870270816180974	0.52537031389744	0.441893583433089	0.884475605978304	0.940458947559738	0.513490360419812
"aga03022 Basal transcription factors"	0.751426550945289	-0.780832430524197	0.971158708323078	0.971158708323078	36	0.83891291171108	0.821533388300678	0.817698158704173	0.602147962982936	0.579894648040179	0.914811845036424
"aga03450 Non-homologous end-joining"	NA	NA	NA	NA	8	NA	NA	NA	NA	NA	NA
"aga04122 Sulfur relay system"	NA	NA	NA	NA	8	NA	NA	NA	NA	NA	NA
"aga04711 Circadian rhythm - fly"	NA	NA	NA	NA	7	NA	NA	NA	NA	NA	NA
"aga00053 Ascorbate and aldarate metabolism"	NA	NA	NA	NA	9	NA	NA	NA	NA	NA	NA
"aga00061 Fatty acid biosynthesis"	NA	NA	NA	NA	9	NA	NA	NA	NA	NA	NA
"aga00072 Synthesis and degradation of ketone bodies"	NA	NA	NA	NA	5	NA	NA	NA	NA	NA	NA
"aga00100 Steroid biosynthesis"	NA	NA	NA	NA	4	NA	NA	NA	NA	NA	NA
"aga00232 Caffeine metabolism"	NA	NA	NA	NA	4	NA	NA	NA	NA	NA	NA
"aga00290 Valine, leucine and isoleucine biosynthesis"	NA	NA	NA	NA	2	NA	NA	NA	NA	NA	NA
"aga00300 Lysine biosynthesis"	NA	NA	NA	NA	1	NA	NA	NA	NA	NA	NA
"aga00340 Histidine metabolism"	NA	NA	NA	NA	9	NA	NA	NA	NA	NA	NA
"aga00400 Phenylalanine, tyrosine and tryptophan biosynthesis"	NA	NA	NA	NA	4	NA	NA	NA	NA	NA	NA
"aga00430 Taurine and hypotaurine metabolism"	NA	NA	NA	NA	8	NA	NA	NA	NA	NA	NA
"aga00450 Selenocompound metabolism"	NA	NA	NA	NA	8	NA	NA	NA	NA	NA	NA
"aga00460 Cyanoamino acid metabolism"	NA	NA	NA	NA	4	NA	NA	NA	NA	NA	NA
"aga00472 D-Arginine and D-ornithine metabolism"	NA	NA	NA	NA	2	NA	NA	NA	NA	NA	NA
"aga00512 Mucin type O-Glycan biosynthesis"	NA	NA	NA	NA	9	NA	NA	NA	NA	NA	NA
"aga00532 Glycosaminoglycan biosynthesis - chondroitin sulfate / dermatan sulfate"	NA	NA	NA	NA	7	NA	NA	NA	NA	NA	NA
"aga00533 Glycosaminoglycan biosynthesis - keratan sulfate"	NA	NA	NA	NA	2	NA	NA	NA	NA	NA	NA
"aga00592 alpha-Linolenic acid metabolism"	NA	NA	NA	NA	9	NA	NA	NA	NA	NA	NA
"aga00601 Glycosphingolipid biosynthesis - lacto and neolacto series"	NA	NA	NA	NA	2	NA	NA	NA	NA	NA	NA
"aga00603 Glycosphingolipid biosynthesis - globo series"	NA	NA	NA	NA	9	NA	NA	NA	NA	NA	NA
"aga00604 Glycosphingolipid biosynthesis - ganglio series"	NA	NA	NA	NA	8	NA	NA	NA	NA	NA	NA
"aga00730 Thiamine metabolism"	NA	NA	NA	NA	3	NA	NA	NA	NA	NA	NA
"aga00750 Vitamin B6 metabolism"	NA	NA	NA	NA	4	NA	NA	NA	NA	NA	NA
"aga00780 Biotin metabolism"	NA	NA	NA	NA	2	NA	NA	NA	NA	NA	NA
"aga00785 Lipoic acid metabolism"	NA	NA	NA	NA	3	NA	NA	NA	NA	NA	NA
"aga00830 Retinol metabolism"	NA	NA	NA	NA	8	NA	NA	NA	NA	NA	NA
"aga00920 Sulfur metabolism"	NA	NA	NA	NA	7	NA	NA	NA	NA	NA	NA
"aga03022 Basal transcription factors"	0.205184537464404	-0.780832430524197	0.0288412916769219	0.940769023350316	36	0.16108708828892	0.178466611699322	0.182301841295827	0.397852037017064	0.420105351959821	0.0851881549635759
"aga00071 Fatty acid degradation"	0.220520283700098	-0.648376778461812	0.0587049268932138	0.940769023350316	27	0.129729183819026	0.47462968610256	0.558106416566911	0.115524394021696	0.0595410524402625	0.486509639580188
"aga03008 Ribosome biogenesis in eukaryotes"	0.288687836583504	-0.534009240253614	0.0960588443372169	0.940769023350316	68	0.306578573520003	0.274280002741454	0.283261558826444	0.158455775164111	0.485612460204503	0.315827131994872
"aga04120 Ubiquitin mediated proteolysis"	0.256961630383402	-0.525801498515521	0.0997122754117409	0.940769023350316	83	0.208704598710941	0.351694564659066	0.721104243863441	0.074872464761791	0.15598878969715	0.465691627193155
"aga03010 Ribosome"	0.301474193088329	-0.394053260832836	0.16771904856425	0.940769023350316	129	0.311072616728664	0.756760057253757	0.524646516863762	0.171831832840423	0.334067179664287	0.105895288439737
"aga00040 Pentose and glucuronate interconversions"	0.317324531196062	-0.374537627366039	0.182984401334804	0.940769023350316	21	0.463265591191993	0.686382410245734	0.526889878430622	0.135143416658134	0.16097294283493	0.280128992207458
"aga00531 Glycosaminoglycan degradation"	0.322575470060777	-0.36097292321691	0.193784554644428	0.940769023350316	15	0.521098352864805	0.436353456725941	0.52980251543797	0.0911309046674578	0.561507986643739	0.182765524158773
"aga00330 Arginine and proline metabolism"	0.342268714989532	-0.349193224910688	0.197692752415366	0.940769023350316	31	0.286345979463892	0.680699328436126	0.325941895093146	0.372372787528642	0.396998006231739	0.171178953282467
"aga03013 RNA transport"	0.336067396930708	-0.329287063542456	0.210375448204136	0.940769023350316	119	0.262472604198728	0.307758452017868	0.605160849296115	0.234601637888657	0.177363985490812	0.708267021867232
"aga00020 Citrate cycle (TCA cycle)"	0.37292091927185	-0.315330510678409	0.221155671398007	0.940769023350316	29	0.494211018010896	0.40206795502325	0.28784393492723	0.316285115100236	0.382584552364986	0.388620158831334
"aga00010 Glycolysis / Gluconeogenesis"	0.352500066136599	-0.281003222000522	0.247076941336805	0.940769023350316	32	0.290443107082346	0.3764164918562	0.592474820696314	0.232492461239593	0.735978421464563	0.173093853076615
"aga00511 Other glycan degradation"	0.386370079680168	-0.27356111256484	0.253617201274972	0.940769023350316	16	0.311565826866788	0.541712305310434	0.274578341186483	0.429055801082578	0.414574374755785	0.403570949784775
"aga00790 Folate biosynthesis"	0.366103723530066	-0.274404704907994	0.253932222955244	0.940769023350316	15	0.66687818137917	0.203814128749662	0.217614325439541	0.570338476702498	0.38658254477916	0.369216998326285
"aga00310 Lysine degradation"	0.357046910556715	-0.26390625534976	0.260680363066378	0.940769023350316	29	0.697547349597545	0.20976406711253	0.420116179834079	0.258630925909921	0.196263730354829	0.663983027308893
"aga04512 ECM-receptor interaction"	0.295849621080959	-0.267627639385302	0.270646311185195	0.940769023350316	14	0.66970989918688	0.238703141158611	0.0201254144531575	0.445596407687459	0.657551424869796	0.711319991848491
"aga02010 ABC transporters"	0.368548425794307	-0.224613261823091	0.29412423549533	0.940769023350316	16	0.681797175429026	0.323547911553638	0.276607275666557	0.163322936610223	0.339190447548202	0.741342967582827
"aga00270 Cysteine and methionine metabolism"	0.357685275180333	-0.221061126726977	0.297899451490973	0.940769023350316	21	0.475286655915617	0.517026757035703	0.0851423542200989	0.642294312140646	0.229055630101413	0.68032593866214
"aga00062 Fatty acid elongation"	0.346782148278537	-0.213073637463844	0.30671938782326	0.940769023350316	12	0.744693264927939	0.746600607359926	0.578790234300682	0.256677997874312	0.182534831825622	0.115350383621917
"aga00052 Galactose metabolism"	0.293603510454105	-0.210513245388553	0.30831141950973	0.940769023350316	21	0.84894878564205	0.876973220893356	0.422604232689941	0.234971852325678	0.0356875988389772	0.242791024926224
"aga00600 Sphingolipid metabolism"	0.307670054715764	-0.201949846287902	0.313990662534186	0.940769023350316	25	0.663612711177719	0.0726553428483077	0.846307886489807	0.207685877408315	0.128136601289485	0.781125050729101
"aga03420 Nucleotide excision repair"	0.368684954216228	-0.188919603910708	0.323353696977665	0.940769023350316	39	0.103047382722148	0.623403313966512	0.455070087500269	0.488156793799995	0.75873029276264	0.231953732066406
"aga04630 Jak-STAT signaling pathway"	0.385780924582069	-0.184266541964116	0.327816348001034	0.940769023350316	19	0.262716246429945	0.453645309412345	0.715534097284732	0.253836299612898	0.216197233428392	0.704379889670461
"aga00051 Fructose and mannose metabolism"	0.411891798663229	-0.15398747150136	0.35392724345473	0.940769023350316	22	0.397066719578622	0.770424193030467	0.379567171765796	0.238111979426443	0.497298155693792	0.35515565160473
"aga00500 Starch and sucrose metabolism"	0.395607340669837	-0.152762310949221	0.355127171630012	0.940769023350316	23	0.367073559110413	0.446085251720372	0.82362355768518	0.529844772878967	0.173886795164699	0.308511291584201
"aga03018 RNA degradation"	0.408246010004224	-0.131995843072434	0.373949520687475	0.940769023350316	54	0.457640834055407	0.458503365825963	0.132693409951601	0.551727135227721	0.738975183028994	0.407812791665606
"aga00670 One carbon pool by folate"	0.362067516177685	-0.126574264230364	0.377428829381448	0.940769023350316	12	0.357772189236455	0.807125280159591	0.880053587406406	0.248617373769822	0.18314087006276	0.194699117224796
"aga00640 Propanoate metabolism"	0.391138419073524	-0.126918307219222	0.379366936456672	0.940769023350316	15	0.512828037348488	0.848503908227614	0.588649087356717	0.322221264724296	0.140372152446278	0.309076237050901
"aga00561 Glycerolipid metabolism"	0.364806940147353	-0.124187495713748	0.383114038630532	0.940769023350316	30	0.726552172916995	0.333193979085251	0.407465537295031	0.0607907927045999	0.474800649227992	0.827893754841121
"aga00030 Pentose phosphate pathway"	0.415276434964778	-0.119682524274486	0.386147118495865	0.940769023350316	19	0.45742380857901	0.538462696826488	0.75153686177579	0.197558736774441	0.252584560251485	0.555259516496585
"aga00981 Insect hormone biosynthesis"	0.353687580086052	-0.125637752972435	0.388809425771636	0.940769023350316	13	0.386881267421276	0.390240709379567	0.669709477873407	0.655483985212414	0.037218180541484	0.793605948437658
"aga04350 TGF-beta signaling pathway"	0.393986185562007	-0.116796059030611	0.389993890484778	0.940769023350316	28	0.0742843925526179	0.639891731191935	0.705673337072288	0.501790591393003	0.461401454110804	0.481589167866127
"aga04142 Lysosome"	0.384366553476299	-0.111195564047538	0.392448005429714	0.940769023350316	69	0.518876316223507	0.917194628466671	0.325826067850867	0.41783843273051	0.363443682577414	0.136935751980153
"aga00620 Pyruvate metabolism"	0.414471957884477	-0.104369776381908	0.400182265712411	0.940769023350316	28	0.277705025748598	0.450331838785808	0.733841246161538	0.503847364200958	0.670380459705802	0.163543040409295
"aga03050 Proteasome"	0.399031408760643	-0.0900034233788294	0.413606407934603	0.940769023350316	39	0.834505571061004	0.490237350833396	0.269489020561068	0.617567864401114	0.511332474071027	0.115951857802191
"aga00630 Glyoxylate and dicarboxylate metabolism"	0.434548547514262	-0.0858308823368628	0.41749292217566	0.940769023350316	23	0.452026514030597	0.557071662817335	0.747039375557672	0.449528546671292	0.184911940546048	0.430614959336149
"aga04013 MAPK signaling pathway - fly"	0.447375364860797	-0.0721312604472884	0.431406105950401	0.940769023350316	17	0.179126068040209	0.576927504661939	0.457662032015585	0.523113179310277	0.581390902140334	0.557369986222862
"aga00534 Glycosaminoglycan biosynthesis - heparan sulfate / heparin"	0.449185445096664	-0.0515129363985593	0.450437523034482	0.940769023350316	12	0.555638066495668	0.508485809088501	0.786128875950131	0.401759141238781	0.369277171303429	0.249270708231511
"aga04140 Regulation of autophagy"	0.409514872298647	-0.0526183325742773	0.450555687670329	0.940769023350316	18	0.840849581336225	0.565832563098997	0.103449252698488	0.610802998510108	0.497006550642232	0.315661191349922
"aga03015 mRNA surveillance pathway"	0.403504923745121	-0.0328559789744077	0.467765629615017	0.940769023350316	59	0.446040603468312	0.915607180886774	0.530587900987906	0.346974922812877	0.10317297120392	0.556401226235005
"aga00520 Amino sugar and nucleotide sugar metabolism"	0.4612749351871	-0.0212033682165413	0.479409416989215	0.940769023350316	43	0.571717952838253	0.762840073676694	0.438503295974973	0.551342661610795	0.400707134719547	0.227993399330279
"aga00980 Metabolism of xenobiotics by cytochrome P450"	0.475617533482671	-0.0156608624003714	0.485033293528092	0.940769023350316	19	0.44321343147834	0.652172331475839	0.471593642107013	0.258797233933687	0.530686546534176	0.618309907737095
"aga04080 Neuroactive ligand-receptor interaction"	0.465004826435266	0.0140230973393732	0.51321934765431	0.940769023350316	40	0.317123236478262	0.3843848880082	0.303161514004426	0.557882610414631	0.846094836632217	0.579581423105825
"aga00260 Glycine, serine and threonine metabolism"	0.365331031869482	0.0163788758577148	0.518269212963639	0.940769023350316	32	0.114528153988801	0.737109784545677	0.836807416460145	0.684874506913685	0.770906602082671	0.0637436103961761
"aga00350 Tyrosine metabolism"	0.401732541001078	0.0219257274099022	0.520070021558354	0.940769023350316	13	0.0906078555989167	0.523284314296104	0.356861671474166	0.348244282345511	0.919197252578385	0.776114654632387
"aga00380 Tryptophan metabolism"	0.447482292288158	0.0227297748429661	0.521254490743684	0.940769023350316	19	0.54305737833671	0.797732377833825	0.818165207176895	0.258726253425662	0.289037711910691	0.302911784669848
"aga00565 Ether lipid metabolism"	0.437062665877114	0.0284466195837536	0.523096525634466	0.940769023350316	16	0.43725281328191	0.287193861654897	0.933574912125853	0.270629344983877	0.651552370548336	0.337194986447689
"aga00982 Drug metabolism - cytochrome P450"	0.486583585711046	0.0268247763572386	0.526151402077963	0.940769023350316	19	0.312308425427778	0.612461277643784	0.516347653612348	0.309891593823458	0.677841494996355	0.639738128168883
"aga00770 Pantothenate and CoA biosynthesis"	0.463225912069782	0.0336793767819715	0.532367972454862	0.940769023350316	10	0.237255578012354	0.720236059545566	0.43699515029001	0.648796815214495	0.768535610799214	0.265348389079903
"aga04144 Endocytosis"	0.453637623164287	0.0470150903121814	0.545609907101381	0.940769023350316	109	0.378793192261595	0.875940239203051	0.491024106915714	0.727130426927029	0.407582165926317	0.180487633051884
"aga04340 Hedgehog signaling pathway"	0.413197441321206	0.0529070885898203	0.554295161934392	0.940769023350316	23	0.730124981216172	0.680775007867596	0.051635884618771	0.406660795421791	0.81777078963359	0.583081695669514
"aga04130 SNARE interactions in vesicular transport"	0.510021987784512	0.0886252566735299	0.584908112893671	0.940769023350316	19	0.500721501618712	0.536682698920342	0.699500183236373	0.742721960587498	0.350438696541449	0.359743874029004
"aga04391 Hippo signaling pathway - fly"	0.443243274300694	0.11886659888762	0.612941809045575	0.940769023350316	52	0.39716243791086	0.144262889314612	0.944557349907077	0.417833120091003	0.800274823011233	0.419044152616112
"aga04320 Dorso-ventral axis formation"	0.520712690098417	0.119448049198713	0.613908244967116	0.940769023350316	25	0.480417499394955	0.448632955206518	0.354759779410913	0.490884457733416	0.812775677292195	0.653423310554925
"aga00760 Nicotinate and nicotinamide metabolism"	0.500143359694413	0.126939206623635	0.619793787584928	0.940769023350316	15	0.31279299226932	0.713507440252653	0.346646326025399	0.351349341701815	0.820851736964071	0.701489305886986
"aga00190 Oxidative phosphorylation"	0.449921741724041	0.132046309330171	0.625944825211776	0.940769023350316	98	0.5943152739603	0.486579961042536	0.415364790059438	0.119923939182878	0.95656945624538	0.602003056301145
"aga00514 Other types of O-glycan biosynthesis"	0.500809495849174	0.163009752300461	0.648530789577766	0.940769023350316	11	0.253780670919351	0.434494495329594	0.404424902087006	0.520397316053668	0.761554802394745	0.892726468862209
"aga00130 Ubiquinone and other terpenoid-quinone biosynthesis"	0.525821813760551	0.173626188284861	0.662502388109485	0.940769023350316	10	0.690724981581948	0.194477514093632	0.659581366351675	0.514545563821824	0.663350979359877	0.698910305716088
"aga00280 Valine, leucine and isoleucine degradation"	0.513994784078899	0.180074599629771	0.66891117522084	0.940769023350316	31	0.63765520991432	0.649927340046331	0.883635008986581	0.559106538974535	0.225885000157673	0.398700402586131
"aga00250 Alanine, aspartate and glutamate metabolism"	0.49792376810516	0.192969682473418	0.680949642496761	0.940769023350316	29	0.749545688510567	0.836066398874739	0.424861858257582	0.134705223629961	0.609085795444992	0.697633958478476
"aga00860 Porphyrin and chlorophyll metabolism"	0.552162246211749	0.198278466941534	0.684573130683311	0.940769023350316	19	0.77792575042762	0.460340999031504	0.689523486010076	0.67444017234872	0.452089927117571	0.376413441870393
"aga00360 Phenylalanine metabolism"	0.539378346083812	0.202961661190587	0.686895405158898	0.940769023350316	10	0.65746643552401	0.701406329300304	0.541547489469396	0.240471523402129	0.792922579035027	0.51711458870402
"aga00564 Glycerophospholipid metabolism"	0.492380800345346	0.204612244870498	0.690361974616572	0.940769023350316	48	0.83824709108742	0.330688525850323	0.511146903975201	0.199602276687109	0.911543166478852	0.552747788336634
"aga00970 Aminoacyl-tRNA biosynthesis"	0.51739439873833	0.208683473212523	0.694166102264931	0.940769023350316	43	0.27895068919161	0.675802682221706	0.848567054843011	0.475992040897415	0.308379536113998	0.816980288949907
"aga04150 mTOR signaling pathway"	0.581281876241061	0.224902218257808	0.708122459858614	0.940769023350316	31	0.756164185401673	0.540931057662799	0.559176694769253	0.542999052048344	0.560392100878239	0.55427148155435
"aga04330 Notch signaling pathway"	0.472469796373807	0.241503012468715	0.719659465901748	0.940769023350316	21	0.881473584862769	0.488838816026878	0.407909735145375	0.65562454326218	0.105863305230601	0.911810512186032
"aga00410 beta-Alanine metabolism"	0.546166381339009	0.252913008815983	0.729228573052897	0.940769023350316	18	0.706636302593718	0.619318578781169	0.856027765458615	0.37638669202428	0.270713690171976	0.695356312129124
"aga03410 Base excision repair"	0.560732628320869	0.258523410892879	0.73379458141465	0.940769023350316	17	0.339342287441553	0.65533603668029	0.542877469490965	0.40725998340833	0.757564480623687	0.834525809620957
"aga04141 Protein processing in endoplasmic reticulum"	0.566068314617206	0.256976922272056	0.735039713906243	0.940769023350316	110	0.527840557408444	0.860689446312459	0.666717439776357	0.317810595310009	0.596594718810878	0.572893969320426
"aga01040 Biosynthesis of unsaturated fatty acids"	0.566131674511046	0.263338662152879	0.736847820075524	0.940769023350316	14	0.369495381135435	0.796004046728537	0.724855994964816	0.490241723611	0.416073262212055	0.75709193593743
"aga00562 Inositol phosphate metabolism"	0.551619874091246	0.29283095813998	0.7603572734249	0.940769023350316	30	0.378961986008769	0.93250998379245	0.395355606392246	0.426705452918556	0.640438542993899	0.737898683551076
"aga03430 Mismatch repair"	0.510663678325323	0.305352866738602	0.765902166503911	0.940769023350316	18	0.173160233634331	0.780316753086646	0.448856385809802	0.474768605499988	0.962367715528592	0.639970969642555
"aga00650 Butanoate metabolism"	0.551027880519919	0.307831550736311	0.769439781882967	0.940769023350316	14	0.664801253266513	0.532150290600938	0.916154288765897	0.61276719885803	0.210735281024683	0.668827202957517
"aga00480 Glutathione metabolism"	0.604829876831208	0.313896727478861	0.778143008502598	0.940769023350316	43	0.666624506554479	0.685053983226771	0.595614623200974	0.701207134414505	0.363226303213746	0.706650020294154
"aga00590 Arachidonic acid metabolism"	0.595433008918779	0.326278789378164	0.783967834360373	0.940769023350316	13	0.430755922271778	0.406038093114602	0.776418902289435	0.579957845295078	0.785305727386931	0.720556619507468
"aga04310 Wnt signaling pathway"	0.594908397436158	0.338451390040059	0.795619601538505	0.940769023350316	56	0.75362093131251	0.776122370597256	0.321228120574602	0.462031518593695	0.736410315574801	0.693445634753754
"aga04070 Phosphatidylinositol signaling system"	0.560216783412279	0.347339132949056	0.80009925733322	0.940769023350316	35	0.429103356518949	0.84684372378533	0.366422236980219	0.360516366223454	0.70217984498321	0.917099259061632
"aga04745 Phototransduction - fly"	0.519318956842117	0.35926406586779	0.803820716518963	0.940769023350316	25	0.342814246476525	0.7278184650725	0.696420156144156	0.2248822763562	0.982483540460682	0.510941619948968
"aga04146 Peroxisome"	0.504171764193541	0.353585580162786	0.805432586963965	0.940769023350316	64	0.231854950653139	0.841855851718339	0.16460779285552	0.692462795482918	0.790525337633605	0.933801094423818
"aga03030 DNA replication"	0.547459256681917	0.360500133861111	0.807834270050815	0.940769023350316	34	0.372473373459033	0.662952432429513	0.298369451701406	0.469526305203009	0.961177611034335	0.809683499249595
"aga00983 Drug metabolism - other enzymes"	0.542927704869782	0.417507737913835	0.841507072657322	0.965194229914484	18	0.185344646630337	0.338017183285786	0.917971402343277	0.620024551787768	0.873352922827	0.822442188580262
"aga03060 Protein export"	0.619825455157338	0.44794769798259	0.859874067720367	0.965194229914484	21	0.785893470542643	0.93504396158964	0.500794102011143	0.587890098260292	0.420145133301873	0.623829702783835
"aga03440 Homologous recombination"	0.652012315146373	0.445506976976641	0.860281813619431	0.965194229914484	22	0.443904625876355	0.732751561775895	0.637147173235008	0.825983935870733	0.661967496917103	0.678016622486517
"aga03040 Spliceosome"	0.589408886380175	0.488350774440728	0.883603704896312	0.971974107777406	108	0.87678854056424	0.718326055485762	0.760514585151303	0.175387435087801	0.555719510140053	0.898094264206298
"aga00910 Nitrogen metabolism"	0.646216220878958	0.506227060450266	0.887454620144588	0.971974107777406	13	0.725169796989215	0.871036900772217	0.659658624986437	0.467901175168462	0.858736604192162	0.434968205675124
"aga03460 Fanconi anemia pathway"	0.608107079330475	0.534536028444984	0.902340572594455	0.976650972690469	27	0.191377944830581	0.91477221300316	0.659530859183761	0.690540808971222	0.718953074690444	0.882166354576412
"aga00563 Glycosylphosphatidylinositol(GPI)-anchor biosynthesis"	0.616218620106242	0.58798116740998	0.920556225000086	0.979537709694322	24	0.434389421464953	0.793695301494322	0.314604526286609	0.672655706726336	0.982760401526052	0.763607888375847
"aga04145 Phagosome"	0.647369974063394	0.616120132570822	0.932935448166174	0.979537709694322	53	0.917805545609651	0.514638902685254	0.556038921916435	0.369462270242592	0.94239851475034	0.804918935246608
"aga00900 Terpenoid backbone biosynthesis"	0.718514758471963	0.701134469792687	0.955019968692199	0.979537709694322	22	0.865826043407252	0.859114766724831	0.848876453303577	0.638650420189422	0.447056127485788	0.76324257588588
"aga03020 RNA polymerase"	0.675321053805782	0.729581326588614	0.960963948964185	0.979537709694322	26	0.891030107585258	0.828126769400195	0.839637661010695	0.938443047027169	0.290882952587363	0.56085995596422
"aga00240 Pyrimidine metabolism"	0.762828374376509	0.749413442661267	0.966396719006161	0.979537709694322	75	0.769320668640114	0.850675117538923	0.655547849392346	0.708625936222256	0.854626617225323	0.758389038512911
"aga00230 Purine metabolism"	0.755956237696729	0.762921603427138	0.968890560675906	0.979537709694322	116	0.67129463570745	0.746873495630823	0.609059464642644	0.82733456861705	0.807739109606832	0.914550573213847
"aga00510 N-Glycan biosynthesis"	0.788983114627568	0.870215256524174	0.982803505603497	0.982803505603497	35	0.772760877171875	0.850474162199407	0.633629365079427	0.902178630327083	0.739546809453882	0.868173453467672
"aga03450 Non-homologous end-joining"	NA	NA	NA	NA	8	NA	NA	NA	NA	NA	NA
"aga04122 Sulfur relay system"	NA	NA	NA	NA	8	NA	NA	NA	NA	NA	NA
"aga04711 Circadian rhythm - fly"	NA	NA	NA	NA	7	NA	NA	NA	NA	NA	NA
"aga00053 Ascorbate and aldarate metabolism"	NA	NA	NA	NA	9	NA	NA	NA	NA	NA	NA
"aga00061 Fatty acid biosynthesis"	NA	NA	NA	NA	9	NA	NA	NA	NA	NA	NA
"aga00072 Synthesis and degradation of ketone bodies"	NA	NA	NA	NA	5	NA	NA	NA	NA	NA	NA
"aga00100 Steroid biosynthesis"	NA	NA	NA	NA	4	NA	NA	NA	NA	NA	NA
"aga00232 Caffeine metabolism"	NA	NA	NA	NA	4	NA	NA	NA	NA	NA	NA
"aga00290 Valine, leucine and isoleucine biosynthesis"	NA	NA	NA	NA	2	NA	NA	NA	NA	NA	NA
"aga00300 Lysine biosynthesis"	NA	NA	NA	NA	1	NA	NA	NA	NA	NA	NA
"aga00340 Histidine metabolism"	NA	NA	NA	NA	9	NA	NA	NA	NA	NA	NA
"aga00400 Phenylalanine, tyrosine and tryptophan biosynthesis"	NA	NA	NA	NA	4	NA	NA	NA	NA	NA	NA
"aga00430 Taurine and hypotaurine metabolism"	NA	NA	NA	NA	8	NA	NA	NA	NA	NA	NA
"aga00450 Selenocompound metabolism"	NA	NA	NA	NA	8	NA	NA	NA	NA	NA	NA
"aga00460 Cyanoamino acid metabolism"	NA	NA	NA	NA	4	NA	NA	NA	NA	NA	NA
"aga00472 D-Arginine and D-ornithine metabolism"	NA	NA	NA	NA	2	NA	NA	NA	NA	NA	NA
"aga00512 Mucin type O-Glycan biosynthesis"	NA	NA	NA	NA	9	NA	NA	NA	NA	NA	NA
"aga00532 Glycosaminoglycan biosynthesis - chondroitin sulfate / dermatan sulfate"	NA	NA	NA	NA	7	NA	NA	NA	NA	NA	NA
"aga00533 Glycosaminoglycan biosynthesis - keratan sulfate"	NA	NA	NA	NA	2	NA	NA	NA	NA	NA	NA
"aga00592 alpha-Linolenic acid metabolism"	NA	NA	NA	NA	9	NA	NA	NA	NA	NA	NA
"aga00601 Glycosphingolipid biosynthesis - lacto and neolacto series"	NA	NA	NA	NA	2	NA	NA	NA	NA	NA	NA
"aga00603 Glycosphingolipid biosynthesis - globo series"	NA	NA	NA	NA	9	NA	NA	NA	NA	NA	NA
"aga00604 Glycosphingolipid biosynthesis - ganglio series"	NA	NA	NA	NA	8	NA	NA	NA	NA	NA	NA
"aga00730 Thiamine metabolism"	NA	NA	NA	NA	3	NA	NA	NA	NA	NA	NA
"aga00750 Vitamin B6 metabolism"	NA	NA	NA	NA	4	NA	NA	NA	NA	NA	NA
"aga00780 Biotin metabolism"	NA	NA	NA	NA	2	NA	NA	NA	NA	NA	NA
"aga00785 Lipoic acid metabolism"	NA	NA	NA	NA	3	NA	NA	NA	NA	NA	NA
"aga00830 Retinol metabolism"	NA	NA	NA	NA	8	NA	NA	NA	NA	NA	NA
"aga00920 Sulfur metabolism"	NA	NA	NA	NA	7	NA	NA	NA	NA	NA	NA
